r 0 0 16 16 50
b 1950
r 0 0 16 16 5
b 1995
r 0 0 16 16 75
b 1925
r 0 0 16 16 25
b 1975
r 0 0 16 16 100
b 1900
r 0 0 16 16 10
b 1990
r 0 0 16 16 5
b 1995
r 0 0 16 16 25
b 1975
r 0 0 16 16 75
b 1925
r 0 0 16 16 10
b 1990
r 0 0 16 16 100
b 1900
r 0 0 16 16 50
b 1950
r 0 0 16 16 25
b 1975
r 0 0 16 16 5
b 1995
r 0 0 16 16 10
b 1990
r 0 0 16 16 100
b 1900
r 0 0 16 16 50
b 1950
r 0 0 16 16 75
b 1925
r 0 0 16 16 5
b 1995
r 0 0 16 16 75
b 1925
r 0 0 16 16 10
b 1990
r 0 0 16 16 25
b 1975
r 0 0 16 16 50
b 1950
r 0 0 16 16 100
b 1900
r 0 0 16 16 50
b 1950
r 0 0 16 16 5
b 1995
r 0 0 16 16 25
b 1975
r 0 0 16 16 100
b 1900
r 0 0 16 16 75
b 1925
r 0 0 16 16 10
b 1990
r 0 0 16 16 50
b 1950
r 0 0 16 16 100
b 1900
r 0 0 16 16 5
b 1995
r 0 0 16 16 10
b 1990
r 0 0 16 16 75
b 1925
r 0 0 16 16 25
b 1975
r 0 0 16 16 25
b 1975
r 0 0 16 16 100
b 1900
r 0 0 16 16 75
b 1925
r 0 0 16 16 50
b 1950
r 0 0 16 16 10
b 1990
r 0 0 16 16 5
b 1995
r 0 0 16 16 50
b 1950
r 0 0 16 16 10
b 1990
r 0 0 16 16 25
b 1975
r 0 0 16 16 100
b 1900
r 0 0 16 16 5
b 1995
r 0 0 16 16 75
b 1925
r 0 0 16 16 5
b 1995
r 0 0 16 16 75
b 1925
r 0 0 16 16 25
b 1975
r 0 0 16 16 10
b 1990
r 0 0 16 16 50
b 1950
r 0 0 16 16 100
b 1900
r 0 0 16 16 100
b 1900
r 0 0 16 16 50
b 1950
r 0 0 16 16 75
b 1925
r 0 0 16 16 25
b 1975
r 0 0 16 16 5
b 1995
r 0 0 16 16 10
b 1990
r 0 0 16 16 25
b 1975
r 0 0 16 16 5
b 1995
r 0 0 16 16 10
b 1990
r 0 0 16 16 75
b 1925
r 0 0 16 16 50
b 1950
r 0 0 16 16 100
b 1900
r 0 0 16 16 100
b 1900
r 0 0 16 16 50
b 1950
r 0 0 16 16 25
b 1975
r 0 0 16 16 75
b 1925
r 0 0 16 16 5
b 1995
r 0 0 16 16 10
b 1990
r 0 0 16 16 75
b 1925
r 0 0 16 16 50
b 1950
r 0 0 16 16 5
b 1995
r 0 0 16 16 10
b 1990
r 0 0 16 16 100
b 1900
r 0 0 16 16 25
b 1975
r 0 0 16 16 50
b 1950
r 0 0 16 16 100
b 1900
r 0 0 16 16 25
b 1975
r 0 0 16 16 10
b 1990
r 0 0 16 16 75
b 1925
r 0 0 16 16 5
b 1995
r 0 0 16 16 5
b 1995
r 0 0 16 16 25
b 1975
r 0 0 16 16 100
b 1900
r 0 0 16 16 50
b 1950
r 0 0 16 16 75
b 1925
r 0 0 16 16 10
b 1990
r 0 0 16 16 100
b 1900
r 0 0 16 16 10
b 1990
r 0 0 16 16 75
b 1925
r 0 0 16 16 25
b 1975
r 0 0 16 16 50
b 1950
r 0 0 16 16 5
b 1995
r 0 0 16 16 50
b 1950
r 0 0 16 16 25
b 1975
r 0 0 16 16 5
b 1995
r 0 0 16 16 10
b 1990
r 0 0 16 16 100
b 1900
r 0 0 16 16 75
b 1925
r 0 0 16 16 10
b 1990
r 0 0 16 16 50
b 1950
r 0 0 16 16 100
b 1900
r 0 0 16 16 25
b 1975
r 0 0 16 16 75
b 1925
r 0 0 16 16 5
b 1995
r 0 0 16 16 10
b 1990
r 0 0 16 16 75
b 1925
r 0 0 16 16 5
b 1995
r 0 0 16 16 100
b 1900
r 0 0 16 16 25
b 1975
r 0 0 16 16 50
b 1950
r 0 0 16 16 50
b 1950
r 0 0 16 16 5
b 1995
r 0 0 16 16 25
b 1975
r 0 0 16 16 10
b 1990
r 0 0 16 16 75
b 1925
r 0 0 16 16 100
b 1900
