c 8 8 4 4 2 100
b 1900
c 8 8 2 2 2 100
b 1900
c 8 8 8 8 2 100
b 1900
c 4 4 2 2 2 100
b 1900
c 11 4 2 2 2 100
b 1900
c 11 11 2 2 2 100
b 1900
c 8 8 8 8 4 100
b 1900
c 4 11 4 4 4 100
b 1900
c 8 8 8 8 8 100
b 1900
c 4 11 4 4 2 100
b 1900
c 11 4 4 4 2 100
b 1900
c 11 11 4 4 4 100
b 1900
c 4 11 2 2 2 100
b 1900
c 11 4 4 4 4 100
b 1900
c 11 11 4 4 2 100
b 1900
c 4 4 4 4 2 100
b 1900
c 8 8 4 4 4 100
b 1900
c 4 4 4 4 4 100
b 1900
c 4 11 4 4 2 100
b 1900
c 8 8 4 4 2 100
b 1900
c 11 4 4 4 4 100
b 1900
c 4 11 4 4 4 100
b 1900
c 8 8 4 4 4 100
b 1900
c 8 8 8 8 2 100
b 1900
c 8 8 8 8 4 100
b 1900
c 8 8 8 8 8 100
b 1900
c 11 11 4 4 2 100
b 1900
c 11 11 2 2 2 100
b 1900
c 8 8 2 2 2 100
b 1900
c 11 11 4 4 4 100
b 1900
c 4 4 4 4 4 100
b 1900
c 4 11 2 2 2 100
b 1900
c 4 4 4 4 2 100
b 1900
c 11 4 4 4 2 100
b 1900
c 11 4 2 2 2 100
b 1900
c 4 4 2 2 2 100
b 1900
c 8 8 2 2 2 100
b 1900
c 11 4 2 2 2 100
b 1900
c 11 11 2 2 2 100
b 1900
c 11 4 4 4 2 100
b 1900
c 11 4 4 4 4 100
b 1900
c 11 11 4 4 4 100
b 1900
c 4 4 4 4 2 100
b 1900
c 8 8 8 8 2 100
b 1900
c 4 4 2 2 2 100
b 1900
c 8 8 4 4 4 100
b 1900
c 4 11 2 2 2 100
b 1900
c 8 8 4 4 2 100
b 1900
c 11 11 4 4 2 100
b 1900
c 4 11 4 4 2 100
b 1900
c 8 8 8 8 8 100
b 1900
c 4 4 4 4 4 100
b 1900
c 4 11 4 4 4 100
b 1900
c 8 8 8 8 4 100
b 1900
c 11 4 4 4 4 100
b 1900
c 11 11 2 2 2 100
b 1900
c 4 4 4 4 4 100
b 1900
c 4 11 2 2 2 100
b 1900
c 4 4 4 4 2 100
b 1900
c 8 8 2 2 2 100
b 1900
c 4 11 4 4 4 100
b 1900
c 4 11 4 4 2 100
b 1900
c 4 4 2 2 2 100
b 1900
c 8 8 4 4 4 100
b 1900
c 11 4 2 2 2 100
b 1900
c 11 11 4 4 2 100
b 1900
c 11 11 4 4 4 100
b 1900
c 8 8 8 8 2 100
b 1900
c 8 8 8 8 8 100
b 1900
c 8 8 4 4 2 100
b 1900
c 8 8 8 8 4 100
b 1900
c 11 4 4 4 2 100
b 1900
c 4 11 2 2 2 100
b 1900
c 4 11 4 4 2 100
b 1900
c 11 11 2 2 2 100
b 1900
c 8 8 2 2 2 100
b 1900
c 4 4 4 4 2 100
b 1900
c 4 4 4 4 4 100
b 1900
c 8 8 8 8 8 100
b 1900
c 8 8 8 8 2 100
b 1900
c 4 4 2 2 2 100
b 1900
c 11 4 2 2 2 100
b 1900
c 8 8 4 4 2 100
b 1900
c 8 8 8 8 4 100
b 1900
c 11 4 4 4 4 100
b 1900
c 11 4 4 4 2 100
b 1900
c 11 11 4 4 2 100
b 1900
c 4 11 4 4 4 100
b 1900
c 8 8 4 4 4 100
b 1900
c 11 11 4 4 4 100
b 1900
c 4 4 4 4 2 100
b 1900
c 11 11 2 2 2 100
b 1900
c 11 11 4 4 4 100
b 1900
c 8 8 4 4 4 100
b 1900
c 11 4 4 4 4 100
b 1900
c 8 8 8 8 4 100
b 1900
c 8 8 8 8 2 100
b 1900
c 8 8 4 4 2 100
b 1900
c 4 11 4 4 2 100
b 1900
c 4 4 2 2 2 100
b 1900
c 11 4 4 4 2 100
b 1900
c 4 4 4 4 4 100
b 1900
c 11 4 2 2 2 100
b 1900
c 11 11 4 4 2 100
b 1900
c 4 11 2 2 2 100
b 1900
c 8 8 2 2 2 100
b 1900
c 4 11 4 4 4 100
b 1900
c 8 8 8 8 8 100
b 1900
c 11 11 4 4 2 100
b 1900
c 4 4 2 2 2 100
b 1900
c 11 4 2 2 2 100
b 1900
c 8 8 2 2 2 100
b 1900
c 8 8 4 4 2 100
b 1900
c 11 4 4 4 4 100
b 1900
c 4 11 4 4 4 100
b 1900
c 11 4 4 4 2 100
b 1900
c 4 4 4 4 4 100
b 1900
c 8 8 8 8 4 100
b 1900
c 4 4 4 4 2 100
b 1900
c 4 11 2 2 2 100
b 1900
c 8 8 4 4 4 100
b 1900
c 11 11 2 2 2 100
b 1900
c 11 11 4 4 4 100
b 1900
c 8 8 8 8 8 100
b 1900
c 8 8 8 8 2 100
b 1900
c 4 11 4 4 2 100
b 1900
c 4 4 2 2 2 100
b 1900
c 4 4 4 4 4 100
b 1900
c 11 11 2 2 2 100
b 1900
c 8 8 4 4 4 100
b 1900
c 4 11 4 4 4 100
b 1900
c 8 8 4 4 2 100
b 1900
c 8 8 8 8 2 100
b 1900
c 11 4 4 4 2 100
b 1900
c 11 4 4 4 4 100
b 1900
c 4 11 2 2 2 100
b 1900
c 8 8 8 8 8 100
b 1900
c 4 4 4 4 2 100
b 1900
c 11 11 4 4 2 100
b 1900
c 11 4 2 2 2 100
b 1900
c 4 11 4 4 2 100
b 1900
c 11 11 4 4 4 100
b 1900
c 8 8 8 8 4 100
b 1900
c 8 8 2 2 2 100
b 1900
c 8 8 4 4 2 100
b 1900
c 4 11 2 2 2 100
b 1900
c 8 8 2 2 2 100
b 1900
c 11 4 4 4 4 100
b 1900
c 4 11 4 4 2 100
b 1900
c 11 11 4 4 4 100
b 1900
c 4 4 4 4 2 100
b 1900
c 8 8 4 4 4 100
b 1900
c 11 4 4 4 2 100
b 1900
c 11 11 2 2 2 100
b 1900
c 8 8 8 8 2 100
b 1900
c 8 8 8 8 4 100
b 1900
c 8 8 8 8 8 100
b 1900
c 11 11 4 4 2 100
b 1900
c 4 4 4 4 4 100
b 1900
c 11 4 2 2 2 100
b 1900
c 4 11 4 4 4 100
b 1900
c 4 4 2 2 2 100
b 1900
c 8 8 4 4 2 100
b 1900
c 11 4 4 4 4 100
b 1900
c 8 8 8 8 8 100
b 1900
c 4 4 4 4 2 100
b 1900
c 4 4 2 2 2 100
b 1900
c 4 11 2 2 2 100
b 1900
c 8 8 8 8 2 100
b 1900
c 4 4 4 4 4 100
b 1900
c 4 11 4 4 4 100
b 1900
c 11 11 2 2 2 100
b 1900
c 11 4 4 4 2 100
b 1900
c 4 11 4 4 2 100
b 1900
c 8 8 8 8 4 100
b 1900
c 8 8 2 2 2 100
b 1900
c 8 8 4 4 4 100
b 1900
c 11 11 4 4 4 100
b 1900
c 11 4 2 2 2 100
b 1900
c 11 11 4 4 2 100
b 1900
