r 0 0 16 16 5
b 2
r 0 0 16 16 5
b 2
r 0 0 16 16 5
b 2
r 0 0 16 16 5
b 1974
r 0 0 16 16 10
b 5
r 0 0 16 16 10
b 1975
r 0 0 16 16 10
b 2
r 0 0 16 16 10
b 1978
r 0 0 16 16 20
b 5
r 0 0 16 16 20
b 1955
r 0 0 16 16 10
b 10
r 0 0 16 16 10
b 10
r 0 0 16 16 10
b 10
r 0 0 16 16 10
b 1930
r 0 0 16 16 20
b 10
r 0 0 16 16 20
b 1950
r 0 0 16 16 15
b 5
r 0 0 16 16 15
b 5
r 0 0 16 16 15
b 1945
r 0 0 16 16 10
b 10
r 0 0 16 16 10
b 1970
r 0 0 16 16 10
b 5
r 0 0 16 16 10
b 5
r 0 0 16 16 10
b 5
r 0 0 16 16 10
b 5
r 0 0 16 16 10
b 5
r 0 0 16 16 10
b 5
r 0 0 16 16 10
b 5
r 0 0 16 16 10
b 1885
r 0 0 16 16 10
b 5
r 0 0 16 16 10
b 5
r 0 0 16 16 10
b 5
r 0 0 16 16 10
b 1945
r 0 0 16 16 5
b 5
r 0 0 16 16 5
b 5
r 0 0 16 16 5
b 5
r 0 0 16 16 5
b 1965
r 0 0 16 16 20
b 10
r 0 0 16 16 20
b 10
r 0 0 16 16 20
b 10
r 0 0 16 16 20
b 1890
r 0 0 16 16 10
b 1990
r 0 0 16 16 40
b 10
r 0 0 16 16 40
b 1910
r 0 0 16 16 40
b 5
r 0 0 16 16 40
b 1915
r 0 0 16 16 10
b 2
r 0 0 16 16 10
b 2
r 0 0 16 16 10
b 2
r 0 0 16 16 10
b 2
r 0 0 16 16 10
b 2
r 0 0 16 16 10
b 2
r 0 0 16 16 10
b 2
r 0 0 16 16 10
b 1906
r 0 0 16 16 5
b 2
r 0 0 16 16 5
b 1988
r 0 0 16 16 10
b 2
r 0 0 16 16 10
b 2
r 0 0 16 16 10
b 2
r 0 0 16 16 10
b 1954
r 0 0 16 16 15
b 10
r 0 0 16 16 15
b 10
r 0 0 16 16 15
b 1935
r 0 0 16 16 10
b 10
r 0 0 16 16 10
b 10
r 0 0 16 16 10
b 10
r 0 0 16 16 10
b 10
r 0 0 16 16 10
b 10
r 0 0 16 16 10
b 10
r 0 0 16 16 10
b 10
r 0 0 16 16 10
b 1850
r 0 0 16 16 20
b 1980
r 0 0 16 16 80
b 1920
r 0 0 16 16 20
b 5
r 0 0 16 16 20
b 5
r 0 0 16 16 20
b 5
r 0 0 16 16 20
b 1905
r 0 0 16 16 40
b 1960
r 0 0 16 16 5
b 1995
r 0 0 16 16 5
b 5
r 0 0 16 16 5
b 1985
r 0 0 16 16 10
b 10
r 0 0 16 16 10
b 1970
r 0 0 16 16 10
b 2
r 0 0 16 16 10
b 2
r 0 0 16 16 10
b 2
r 0 0 16 16 10
b 1954
r 0 0 16 16 20
b 5
r 0 0 16 16 20
b 5
r 0 0 16 16 20
b 5
r 0 0 16 16 20
b 1905
r 0 0 16 16 10
b 5
r 0 0 16 16 10
b 5
r 0 0 16 16 10
b 5
r 0 0 16 16 10
b 5
r 0 0 16 16 10
b 5
r 0 0 16 16 10
b 5
r 0 0 16 16 10
b 5
r 0 0 16 16 10
b 1885
r 0 0 16 16 10
b 2
r 0 0 16 16 10
b 1978
r 0 0 16 16 10
b 10
r 0 0 16 16 10
b 10
r 0 0 16 16 10
b 10
r 0 0 16 16 10
b 10
r 0 0 16 16 10
b 10
r 0 0 16 16 10
b 10
r 0 0 16 16 10
b 10
r 0 0 16 16 10
b 1850
r 0 0 16 16 10
b 5
r 0 0 16 16 10
b 1975
r 0 0 16 16 5
b 5
r 0 0 16 16 5
b 5
r 0 0 16 16 5
b 5
r 0 0 16 16 5
b 1965
r 0 0 16 16 80
b 1920
r 0 0 16 16 40
b 1960
r 0 0 16 16 10
b 10
r 0 0 16 16 10
b 10
r 0 0 16 16 10
b 10
r 0 0 16 16 10
b 1930
r 0 0 16 16 5
b 2
r 0 0 16 16 5
b 2
r 0 0 16 16 5
b 2
r 0 0 16 16 5
b 1974
r 0 0 16 16 5
b 1995
r 0 0 16 16 20
b 1980
r 0 0 16 16 15
b 5
r 0 0 16 16 15
b 5
r 0 0 16 16 15
b 1945
r 0 0 16 16 5
b 5
r 0 0 16 16 5
b 1985
r 0 0 16 16 20
b 10
r 0 0 16 16 20
b 1950
r 0 0 16 16 40
b 5
r 0 0 16 16 40
b 1915
r 0 0 16 16 10
b 5
r 0 0 16 16 10
b 5
r 0 0 16 16 10
b 5
r 0 0 16 16 10
b 1945
r 0 0 16 16 20
b 10
r 0 0 16 16 20
b 10
r 0 0 16 16 20
b 10
r 0 0 16 16 20
b 1890
r 0 0 16 16 10
b 1990
r 0 0 16 16 15
b 10
r 0 0 16 16 15
b 10
r 0 0 16 16 15
b 1935
r 0 0 16 16 20
b 5
r 0 0 16 16 20
b 1955
r 0 0 16 16 40
b 10
r 0 0 16 16 40
b 1910
r 0 0 16 16 10
b 2
r 0 0 16 16 10
b 2
r 0 0 16 16 10
b 2
r 0 0 16 16 10
b 2
r 0 0 16 16 10
b 2
r 0 0 16 16 10
b 2
r 0 0 16 16 10
b 2
r 0 0 16 16 10
b 1906
r 0 0 16 16 5
b 2
r 0 0 16 16 5
b 1988
r 0 0 16 16 10
b 10
r 0 0 16 16 10
b 1970
r 0 0 16 16 10
b 10
r 0 0 16 16 10
b 10
r 0 0 16 16 10
b 10
r 0 0 16 16 10
b 1930
r 0 0 16 16 20
b 5
r 0 0 16 16 20
b 1955
r 0 0 16 16 40
b 10
r 0 0 16 16 40
b 1910
r 0 0 16 16 15
b 10
r 0 0 16 16 15
b 10
r 0 0 16 16 15
b 1935
r 0 0 16 16 10
b 5
r 0 0 16 16 10
b 5
r 0 0 16 16 10
b 5
r 0 0 16 16 10
b 5
r 0 0 16 16 10
b 5
r 0 0 16 16 10
b 5
r 0 0 16 16 10
b 5
r 0 0 16 16 10
b 1885
r 0 0 16 16 15
b 5
r 0 0 16 16 15
b 5
r 0 0 16 16 15
b 1945
r 0 0 16 16 5
b 5
r 0 0 16 16 5
b 1985
r 0 0 16 16 20
b 10
r 0 0 16 16 20
b 10
r 0 0 16 16 20
b 10
r 0 0 16 16 20
b 1890
r 0 0 16 16 10
b 2
r 0 0 16 16 10
b 2
r 0 0 16 16 10
b 2
r 0 0 16 16 10
b 2
r 0 0 16 16 10
b 2
r 0 0 16 16 10
b 2
r 0 0 16 16 10
b 2
r 0 0 16 16 10
b 1906
r 0 0 16 16 20
b 10
r 0 0 16 16 20
b 1950
r 0 0 16 16 80
b 1920
r 0 0 16 16 40
b 1960
r 0 0 16 16 10
b 5
r 0 0 16 16 10
b 5
r 0 0 16 16 10
b 5
r 0 0 16 16 10
b 1945
r 0 0 16 16 10
b 5
r 0 0 16 16 10
b 1975
r 0 0 16 16 5
b 1995
r 0 0 16 16 5
b 2
r 0 0 16 16 5
b 1988
r 0 0 16 16 5
b 5
r 0 0 16 16 5
b 5
r 0 0 16 16 5
b 5
r 0 0 16 16 5
b 1965
r 0 0 16 16 20
b 1980
r 0 0 16 16 10
b 2
r 0 0 16 16 10
b 1978
r 0 0 16 16 5
b 2
r 0 0 16 16 5
b 2
r 0 0 16 16 5
b 2
r 0 0 16 16 5
b 1974
r 0 0 16 16 10
b 10
r 0 0 16 16 10
b 10
r 0 0 16 16 10
b 10
r 0 0 16 16 10
b 10
r 0 0 16 16 10
b 10
r 0 0 16 16 10
b 10
r 0 0 16 16 10
b 10
r 0 0 16 16 10
b 1850
r 0 0 16 16 40
b 5
r 0 0 16 16 40
b 1915
r 0 0 16 16 10
b 2
r 0 0 16 16 10
b 2
r 0 0 16 16 10
b 2
r 0 0 16 16 10
b 1954
r 0 0 16 16 10
b 1990
r 0 0 16 16 20
b 5
r 0 0 16 16 20
b 5
r 0 0 16 16 20
b 5
r 0 0 16 16 20
b 1905
r 0 0 16 16 5
b 1995
r 0 0 16 16 10
b 2
r 0 0 16 16 10
b 1978
r 0 0 16 16 5
b 2
r 0 0 16 16 5
b 1988
r 0 0 16 16 15
b 10
r 0 0 16 16 15
b 10
r 0 0 16 16 15
b 1935
r 0 0 16 16 20
b 10
r 0 0 16 16 20
b 1950
r 0 0 16 16 5
b 5
r 0 0 16 16 5
b 1985
r 0 0 16 16 40
b 10
r 0 0 16 16 40
b 1910
r 0 0 16 16 20
b 5
r 0 0 16 16 20
b 1955
r 0 0 16 16 40
b 5
r 0 0 16 16 40
b 1915
r 0 0 16 16 10
b 5
r 0 0 16 16 10
b 1975
r 0 0 16 16 15
b 5
r 0 0 16 16 15
b 5
r 0 0 16 16 15
b 1945
r 0 0 16 16 10
b 5
r 0 0 16 16 10
b 5
r 0 0 16 16 10
b 5
r 0 0 16 16 10
b 1945
r 0 0 16 16 20
b 1980
r 0 0 16 16 20
b 5
r 0 0 16 16 20
b 5
r 0 0 16 16 20
b 5
r 0 0 16 16 20
b 1905
r 0 0 16 16 10
b 10
r 0 0 16 16 10
b 10
r 0 0 16 16 10
b 10
r 0 0 16 16 10
b 10
r 0 0 16 16 10
b 10
r 0 0 16 16 10
b 10
r 0 0 16 16 10
b 10
r 0 0 16 16 10
b 1850
r 0 0 16 16 10
b 10
r 0 0 16 16 10
b 1970
r 0 0 16 16 5
b 5
r 0 0 16 16 5
b 5
r 0 0 16 16 5
b 5
r 0 0 16 16 5
b 1965
r 0 0 16 16 40
b 1960
r 0 0 16 16 10
b 2
r 0 0 16 16 10
b 2
r 0 0 16 16 10
b 2
r 0 0 16 16 10
b 2
r 0 0 16 16 10
b 2
r 0 0 16 16 10
b 2
r 0 0 16 16 10
b 2
r 0 0 16 16 10
b 1906
r 0 0 16 16 80
b 1920
r 0 0 16 16 10
b 10
r 0 0 16 16 10
b 10
r 0 0 16 16 10
b 10
r 0 0 16 16 10
b 1930
r 0 0 16 16 10
b 5
r 0 0 16 16 10
b 5
r 0 0 16 16 10
b 5
r 0 0 16 16 10
b 5
r 0 0 16 16 10
b 5
r 0 0 16 16 10
b 5
r 0 0 16 16 10
b 5
r 0 0 16 16 10
b 1885
r 0 0 16 16 10
b 2
r 0 0 16 16 10
b 2
r 0 0 16 16 10
b 2
r 0 0 16 16 10
b 1954
r 0 0 16 16 5
b 2
r 0 0 16 16 5
b 2
r 0 0 16 16 5
b 2
r 0 0 16 16 5
b 1974
r 0 0 16 16 10
b 1990
r 0 0 16 16 20
b 10
r 0 0 16 16 20
b 10
r 0 0 16 16 20
b 10
r 0 0 16 16 20
b 1890
r 0 0 16 16 20
b 1980
r 0 0 16 16 10
b 10
r 0 0 16 16 10
b 10
r 0 0 16 16 10
b 10
r 0 0 16 16 10
b 10
r 0 0 16 16 10
b 10
r 0 0 16 16 10
b 10
r 0 0 16 16 10
b 10
r 0 0 16 16 10
b 1850
r 0 0 16 16 10
b 5
r 0 0 16 16 10
b 1975
r 0 0 16 16 5
b 5
r 0 0 16 16 5
b 5
r 0 0 16 16 5
b 5
r 0 0 16 16 5
b 1965
r 0 0 16 16 10
b 5
r 0 0 16 16 10
b 5
r 0 0 16 16 10
b 5
r 0 0 16 16 10
b 5
r 0 0 16 16 10
b 5
r 0 0 16 16 10
b 5
r 0 0 16 16 10
b 5
r 0 0 16 16 10
b 1885
r 0 0 16 16 20
b 10
r 0 0 16 16 20
b 10
r 0 0 16 16 20
b 10
r 0 0 16 16 20
b 1890
r 0 0 16 16 5
b 2
r 0 0 16 16 5
b 2
r 0 0 16 16 5
b 2
r 0 0 16 16 5
b 1974
r 0 0 16 16 40
b 10
r 0 0 16 16 40
b 1910
r 0 0 16 16 5
b 2
r 0 0 16 16 5
b 1988
r 0 0 16 16 80
b 1920
r 0 0 16 16 10
b 10
r 0 0 16 16 10
b 1970
r 0 0 16 16 15
b 5
r 0 0 16 16 15
b 5
r 0 0 16 16 15
b 1945
r 0 0 16 16 10
b 2
r 0 0 16 16 10
b 2
r 0 0 16 16 10
b 2
r 0 0 16 16 10
b 1954
r 0 0 16 16 5
b 1995
r 0 0 16 16 20
b 5
r 0 0 16 16 20
b 1955
r 0 0 16 16 40
b 1960
r 0 0 16 16 10
b 1990
r 0 0 16 16 20
b 10
r 0 0 16 16 20
b 1950
r 0 0 16 16 40
b 5
r 0 0 16 16 40
b 1915
r 0 0 16 16 15
b 10
r 0 0 16 16 15
b 10
r 0 0 16 16 15
b 1935
r 0 0 16 16 20
b 5
r 0 0 16 16 20
b 5
r 0 0 16 16 20
b 5
r 0 0 16 16 20
b 1905
r 0 0 16 16 5
b 5
r 0 0 16 16 5
b 1985
r 0 0 16 16 10
b 10
r 0 0 16 16 10
b 10
r 0 0 16 16 10
b 10
r 0 0 16 16 10
b 1930
r 0 0 16 16 10
b 5
r 0 0 16 16 10
b 5
r 0 0 16 16 10
b 5
r 0 0 16 16 10
b 1945
r 0 0 16 16 10
b 2
r 0 0 16 16 10
b 1978
r 0 0 16 16 10
b 2
r 0 0 16 16 10
b 2
r 0 0 16 16 10
b 2
r 0 0 16 16 10
b 2
r 0 0 16 16 10
b 2
r 0 0 16 16 10
b 2
r 0 0 16 16 10
b 2
r 0 0 16 16 10
b 1906
r 0 0 16 16 5
b 5
r 0 0 16 16 5
b 5
r 0 0 16 16 5
b 5
r 0 0 16 16 5
b 1965
r 0 0 16 16 20
b 5
r 0 0 16 16 20
b 1955
r 0 0 16 16 15
b 5
r 0 0 16 16 15
b 5
r 0 0 16 16 15
b 1945
r 0 0 16 16 5
b 5
r 0 0 16 16 5
b 1985
r 0 0 16 16 10
b 2
r 0 0 16 16 10
b 2
r 0 0 16 16 10
b 2
r 0 0 16 16 10
b 2
r 0 0 16 16 10
b 2
r 0 0 16 16 10
b 2
r 0 0 16 16 10
b 2
r 0 0 16 16 10
b 1906
r 0 0 16 16 10
b 10
r 0 0 16 16 10
b 10
r 0 0 16 16 10
b 10
r 0 0 16 16 10
b 10
r 0 0 16 16 10
b 10
r 0 0 16 16 10
b 10
r 0 0 16 16 10
b 10
r 0 0 16 16 10
b 1850
r 0 0 16 16 20
b 5
r 0 0 16 16 20
b 5
r 0 0 16 16 20
b 5
r 0 0 16 16 20
b 1905
r 0 0 16 16 20
b 10
r 0 0 16 16 20
b 1950
r 0 0 16 16 10
b 5
r 0 0 16 16 10
b 5
r 0 0 16 16 10
b 5
r 0 0 16 16 10
b 5
r 0 0 16 16 10
b 5
r 0 0 16 16 10
b 5
r 0 0 16 16 10
b 5
r 0 0 16 16 10
b 1885
r 0 0 16 16 10
b 5
r 0 0 16 16 10
b 1975
r 0 0 16 16 10
b 2
r 0 0 16 16 10
b 1978
r 0 0 16 16 40
b 10
r 0 0 16 16 40
b 1910
r 0 0 16 16 20
b 10
r 0 0 16 16 20
b 10
r 0 0 16 16 20
b 10
r 0 0 16 16 20
b 1890
r 0 0 16 16 10
b 5
r 0 0 16 16 10
b 5
r 0 0 16 16 10
b 5
r 0 0 16 16 10
b 1945
r 0 0 16 16 40
b 5
r 0 0 16 16 40
b 1915
r 0 0 16 16 10
b 10
r 0 0 16 16 10
b 10
r 0 0 16 16 10
b 10
r 0 0 16 16 10
b 1930
r 0 0 16 16 40
b 1960
r 0 0 16 16 5
b 1995
r 0 0 16 16 20
b 1980
r 0 0 16 16 10
b 10
r 0 0 16 16 10
b 1970
r 0 0 16 16 10
b 1990
r 0 0 16 16 15
b 10
r 0 0 16 16 15
b 10
r 0 0 16 16 15
b 1935
r 0 0 16 16 5
b 2
r 0 0 16 16 5
b 1988
r 0 0 16 16 80
b 1920
r 0 0 16 16 5
b 2
r 0 0 16 16 5
b 2
r 0 0 16 16 5
b 2
r 0 0 16 16 5
b 1974
r 0 0 16 16 10
b 2
r 0 0 16 16 10
b 2
r 0 0 16 16 10
b 2
r 0 0 16 16 10
b 1954
r 0 0 16 16 40
b 1960
r 0 0 16 16 20
b 10
r 0 0 16 16 20
b 1950
r 0 0 16 16 5
b 5
r 0 0 16 16 5
b 1985
r 0 0 16 16 10
b 5
r 0 0 16 16 10
b 5
r 0 0 16 16 10
b 5
r 0 0 16 16 10
b 1945
r 0 0 16 16 10
b 2
r 0 0 16 16 10
b 2
r 0 0 16 16 10
b 2
r 0 0 16 16 10
b 2
r 0 0 16 16 10
b 2
r 0 0 16 16 10
b 2
r 0 0 16 16 10
b 2
r 0 0 16 16 10
b 1906
r 0 0 16 16 10
b 10
r 0 0 16 16 10
b 1970
r 0 0 16 16 10
b 10
r 0 0 16 16 10
b 10
r 0 0 16 16 10
b 10
r 0 0 16 16 10
b 10
r 0 0 16 16 10
b 10
r 0 0 16 16 10
b 10
r 0 0 16 16 10
b 10
r 0 0 16 16 10
b 1850
r 0 0 16 16 20
b 1980
r 0 0 16 16 20
b 10
r 0 0 16 16 20
b 10
r 0 0 16 16 20
b 10
r 0 0 16 16 20
b 1890
r 0 0 16 16 20
b 5
r 0 0 16 16 20
b 5
r 0 0 16 16 20
b 5
r 0 0 16 16 20
b 1905
r 0 0 16 16 20
b 5
r 0 0 16 16 20
b 1955
r 0 0 16 16 80
b 1920
r 0 0 16 16 5
b 1995
r 0 0 16 16 10
b 5
r 0 0 16 16 10
b 1975
r 0 0 16 16 10
b 1990
r 0 0 16 16 15
b 10
r 0 0 16 16 15
b 10
r 0 0 16 16 15
b 1935
r 0 0 16 16 15
b 5
r 0 0 16 16 15
b 5
r 0 0 16 16 15
b 1945
r 0 0 16 16 10
b 2
r 0 0 16 16 10
b 1978
r 0 0 16 16 5
b 2
r 0 0 16 16 5
b 2
r 0 0 16 16 5
b 2
r 0 0 16 16 5
b 1974
r 0 0 16 16 10
b 10
r 0 0 16 16 10
b 10
r 0 0 16 16 10
b 10
r 0 0 16 16 10
b 1930
r 0 0 16 16 40
b 10
r 0 0 16 16 40
b 1910
r 0 0 16 16 10
b 2
r 0 0 16 16 10
b 2
r 0 0 16 16 10
b 2
r 0 0 16 16 10
b 1954
r 0 0 16 16 40
b 5
r 0 0 16 16 40
b 1915
r 0 0 16 16 5
b 5
r 0 0 16 16 5
b 5
r 0 0 16 16 5
b 5
r 0 0 16 16 5
b 1965
r 0 0 16 16 5
b 2
r 0 0 16 16 5
b 1988
r 0 0 16 16 10
b 5
r 0 0 16 16 10
b 5
r 0 0 16 16 10
b 5
r 0 0 16 16 10
b 5
r 0 0 16 16 10
b 5
r 0 0 16 16 10
b 5
r 0 0 16 16 10
b 5
r 0 0 16 16 10
b 1885
r 0 0 16 16 10
b 2
r 0 0 16 16 10
b 1978
r 0 0 16 16 10
b 5
r 0 0 16 16 10
b 5
r 0 0 16 16 10
b 5
r 0 0 16 16 10
b 1945
r 0 0 16 16 20
b 5
r 0 0 16 16 20
b 1955
r 0 0 16 16 5
b 1995
r 0 0 16 16 10
b 5
r 0 0 16 16 10
b 5
r 0 0 16 16 10
b 5
r 0 0 16 16 10
b 5
r 0 0 16 16 10
b 5
r 0 0 16 16 10
b 5
r 0 0 16 16 10
b 5
r 0 0 16 16 10
b 1885
r 0 0 16 16 80
b 1920
r 0 0 16 16 40
b 1960
r 0 0 16 16 40
b 5
r 0 0 16 16 40
b 1915
r 0 0 16 16 5
b 2
r 0 0 16 16 5
b 2
r 0 0 16 16 5
b 2
r 0 0 16 16 5
b 1974
r 0 0 16 16 10
b 10
r 0 0 16 16 10
b 10
r 0 0 16 16 10
b 10
r 0 0 16 16 10
b 1930
r 0 0 16 16 10
b 1990
r 0 0 16 16 10
b 5
r 0 0 16 16 10
b 1975
r 0 0 16 16 20
b 10
r 0 0 16 16 20
b 1950
r 0 0 16 16 20
b 5
r 0 0 16 16 20
b 5
r 0 0 16 16 20
b 5
r 0 0 16 16 20
b 1905
r 0 0 16 16 5
b 5
r 0 0 16 16 5
b 5
r 0 0 16 16 5
b 5
r 0 0 16 16 5
b 1965
r 0 0 16 16 20
b 1980
r 0 0 16 16 5
b 5
r 0 0 16 16 5
b 1985
r 0 0 16 16 5
b 2
r 0 0 16 16 5
b 1988
r 0 0 16 16 20
b 10
r 0 0 16 16 20
b 10
r 0 0 16 16 20
b 10
r 0 0 16 16 20
b 1890
r 0 0 16 16 15
b 5
r 0 0 16 16 15
b 5
r 0 0 16 16 15
b 1945
r 0 0 16 16 10
b 2
r 0 0 16 16 10
b 2
r 0 0 16 16 10
b 2
r 0 0 16 16 10
b 2
r 0 0 16 16 10
b 2
r 0 0 16 16 10
b 2
r 0 0 16 16 10
b 2
r 0 0 16 16 10
b 1906
r 0 0 16 16 10
b 2
r 0 0 16 16 10
b 2
r 0 0 16 16 10
b 2
r 0 0 16 16 10
b 1954
r 0 0 16 16 10
b 10
r 0 0 16 16 10
b 1970
r 0 0 16 16 10
b 10
r 0 0 16 16 10
b 10
r 0 0 16 16 10
b 10
r 0 0 16 16 10
b 10
r 0 0 16 16 10
b 10
r 0 0 16 16 10
b 10
r 0 0 16 16 10
b 10
r 0 0 16 16 10
b 1850
r 0 0 16 16 15
b 10
r 0 0 16 16 15
b 10
r 0 0 16 16 15
b 1935
r 0 0 16 16 40
b 10
r 0 0 16 16 40
b 1910
r 0 0 16 16 15
b 5
r 0 0 16 16 15
b 5
r 0 0 16 16 15
b 1945
r 0 0 16 16 10
b 2
r 0 0 16 16 10
b 2
r 0 0 16 16 10
b 2
r 0 0 16 16 10
b 2
r 0 0 16 16 10
b 2
r 0 0 16 16 10
b 2
r 0 0 16 16 10
b 2
r 0 0 16 16 10
b 1906
r 0 0 16 16 5
b 1995
r 0 0 16 16 20
b 10
r 0 0 16 16 20
b 10
r 0 0 16 16 20
b 10
r 0 0 16 16 20
b 1890
r 0 0 16 16 20
b 1980
r 0 0 16 16 10
b 10
r 0 0 16 16 10
b 10
r 0 0 16 16 10
b 10
r 0 0 16 16 10
b 10
r 0 0 16 16 10
b 10
r 0 0 16 16 10
b 10
r 0 0 16 16 10
b 10
r 0 0 16 16 10
b 1850
r 0 0 16 16 80
b 1920
r 0 0 16 16 10
b 2
r 0 0 16 16 10
b 2
r 0 0 16 16 10
b 2
r 0 0 16 16 10
b 1954
r 0 0 16 16 40
b 10
r 0 0 16 16 40
b 1910
r 0 0 16 16 10
b 2
r 0 0 16 16 10
b 1978
r 0 0 16 16 10
b 5
r 0 0 16 16 10
b 5
r 0 0 16 16 10
b 5
r 0 0 16 16 10
b 1945
r 0 0 16 16 10
b 5
r 0 0 16 16 10
b 1975
r 0 0 16 16 10
b 10
r 0 0 16 16 10
b 1970
r 0 0 16 16 20
b 5
r 0 0 16 16 20
b 1955
r 0 0 16 16 15
b 10
r 0 0 16 16 15
b 10
r 0 0 16 16 15
b 1935
r 0 0 16 16 40
b 5
r 0 0 16 16 40
b 1915
r 0 0 16 16 5
b 5
r 0 0 16 16 5
b 5
r 0 0 16 16 5
b 5
r 0 0 16 16 5
b 1965
r 0 0 16 16 10
b 10
r 0 0 16 16 10
b 10
r 0 0 16 16 10
b 10
r 0 0 16 16 10
b 1930
r 0 0 16 16 5
b 5
r 0 0 16 16 5
b 1985
r 0 0 16 16 5
b 2
r 0 0 16 16 5
b 1988
r 0 0 16 16 10
b 1990
r 0 0 16 16 40
b 1960
r 0 0 16 16 5
b 2
r 0 0 16 16 5
b 2
r 0 0 16 16 5
b 2
r 0 0 16 16 5
b 1974
r 0 0 16 16 20
b 5
r 0 0 16 16 20
b 5
r 0 0 16 16 20
b 5
r 0 0 16 16 20
b 1905
r 0 0 16 16 20
b 10
r 0 0 16 16 20
b 1950
r 0 0 16 16 10
b 5
r 0 0 16 16 10
b 5
r 0 0 16 16 10
b 5
r 0 0 16 16 10
b 5
r 0 0 16 16 10
b 5
r 0 0 16 16 10
b 5
r 0 0 16 16 10
b 5
r 0 0 16 16 10
b 1885
r 0 0 16 16 5
b 2
r 0 0 16 16 5
b 1988
r 0 0 16 16 40
b 5
r 0 0 16 16 40
b 1915
r 0 0 16 16 40
b 10
r 0 0 16 16 40
b 1910
r 0 0 16 16 5
b 1995
r 0 0 16 16 10
b 1990
r 0 0 16 16 10
b 2
r 0 0 16 16 10
b 2
r 0 0 16 16 10
b 2
r 0 0 16 16 10
b 1954
r 0 0 16 16 15
b 10
r 0 0 16 16 15
b 10
r 0 0 16 16 15
b 1935
r 0 0 16 16 20
b 5
r 0 0 16 16 20
b 5
r 0 0 16 16 20
b 5
r 0 0 16 16 20
b 1905
r 0 0 16 16 20
b 10
r 0 0 16 16 20
b 1950
r 0 0 16 16 10
b 2
r 0 0 16 16 10
b 2
r 0 0 16 16 10
b 2
r 0 0 16 16 10
b 2
r 0 0 16 16 10
b 2
r 0 0 16 16 10
b 2
r 0 0 16 16 10
b 2
r 0 0 16 16 10
b 1906
r 0 0 16 16 5
b 5
r 0 0 16 16 5
b 1985
r 0 0 16 16 10
b 5
r 0 0 16 16 10
b 5
r 0 0 16 16 10
b 5
r 0 0 16 16 10
b 1945
r 0 0 16 16 5
b 2
r 0 0 16 16 5
b 2
r 0 0 16 16 5
b 2
r 0 0 16 16 5
b 1974
r 0 0 16 16 20
b 5
r 0 0 16 16 20
b 1955
r 0 0 16 16 80
b 1920
r 0 0 16 16 10
b 10
r 0 0 16 16 10
b 10
r 0 0 16 16 10
b 10
r 0 0 16 16 10
b 1930
r 0 0 16 16 20
b 1980
r 0 0 16 16 5
b 5
r 0 0 16 16 5
b 5
r 0 0 16 16 5
b 5
r 0 0 16 16 5
b 1965
r 0 0 16 16 10
b 10
r 0 0 16 16 10
b 1970
r 0 0 16 16 20
b 10
r 0 0 16 16 20
b 10
r 0 0 16 16 20
b 10
r 0 0 16 16 20
b 1890
r 0 0 16 16 15
b 5
r 0 0 16 16 15
b 5
r 0 0 16 16 15
b 1945
r 0 0 16 16 10
b 5
r 0 0 16 16 10
b 1975
r 0 0 16 16 10
b 5
r 0 0 16 16 10
b 5
r 0 0 16 16 10
b 5
r 0 0 16 16 10
b 5
r 0 0 16 16 10
b 5
r 0 0 16 16 10
b 5
r 0 0 16 16 10
b 5
r 0 0 16 16 10
b 1885
r 0 0 16 16 10
b 2
r 0 0 16 16 10
b 1978
r 0 0 16 16 10
b 10
r 0 0 16 16 10
b 10
r 0 0 16 16 10
b 10
r 0 0 16 16 10
b 10
r 0 0 16 16 10
b 10
r 0 0 16 16 10
b 10
r 0 0 16 16 10
b 10
r 0 0 16 16 10
b 1850
r 0 0 16 16 40
b 1960
