r 4 0 4 4 25
b 1975
r 4 4 4 4 10
b 1990
r 0 12 4 4 100
b 1900
r 0 8 8 8 5
b 1995
r 8 12 4 4 50
b 1950
r 4 0 4 4 50
b 1950
r 12 4 4 4 75
b 1925
r 4 8 4 4 10
b 1990
r 4 8 4 4 25
b 1975
r 0 0 16 16 50
b 1950
r 0 12 4 4 10
b 1990
r 4 8 4 4 50
b 1950
r 0 12 4 4 50
b 1950
r 8 12 4 4 100
b 1900
r 0 0 16 16 25
b 1975
r 12 4 4 4 10
b 1990
r 8 12 4 4 10
b 1990
r 4 4 4 4 5
b 1995
r 12 8 4 4 25
b 1975
r 0 8 8 8 25
b 1975
r 12 12 4 4 100
b 1900
r 8 4 4 4 5
b 1995
r 8 0 8 8 10
b 1990
r 8 8 4 4 5
b 1995
r 8 8 8 8 50
b 1950
r 0 12 4 4 25
b 1975
r 12 12 4 4 10
b 1990
r 8 0 8 8 75
b 1925
r 8 0 8 8 50
b 1950
r 12 0 4 4 75
b 1925
r 4 0 4 4 75
b 1925
r 4 12 4 4 75
b 1925
r 4 12 4 4 100
b 1900
r 8 12 4 4 25
b 1975
r 4 8 4 4 100
b 1900
r 0 8 8 8 75
b 1925
r 8 0 8 8 25
b 1975
r 12 8 4 4 10
b 1990
r 0 0 16 16 75
b 1925
r 0 12 4 4 5
b 1995
r 8 0 8 8 100
b 1900
r 8 8 4 4 50
b 1950
r 0 4 4 4 50
b 1950
r 12 12 4 4 50
b 1950
r 8 0 4 4 25
b 1975
r 4 4 4 4 50
b 1950
r 12 0 4 4 50
b 1950
r 0 8 8 8 100
b 1900
r 0 0 4 4 25
b 1975
r 0 8 4 4 10
b 1990
r 8 4 4 4 100
b 1900
r 8 8 8 8 25
b 1975
r 8 8 8 8 100
b 1900
r 12 0 4 4 5
b 1995
r 12 12 4 4 75
b 1925
r 0 4 4 4 25
b 1975
r 0 0 8 8 50
b 1950
r 8 4 4 4 50
b 1950
r 4 8 4 4 5
b 1995
r 4 4 4 4 100
b 1900
r 12 0 4 4 100
b 1900
r 4 0 4 4 100
b 1900
r 8 0 4 4 50
b 1950
r 0 12 4 4 75
b 1925
r 0 0 4 4 100
b 1900
r 12 4 4 4 25
b 1975
r 8 8 8 8 10
b 1990
r 0 8 8 8 50
b 1950
r 4 12 4 4 50
b 1950
r 0 0 8 8 5
b 1995
r 0 0 16 16 5
b 1995
r 8 0 4 4 5
b 1995
r 0 8 4 4 100
b 1900
r 0 0 8 8 25
b 1975
r 0 0 8 8 75
b 1925
r 0 8 4 4 75
b 1925
r 12 0 4 4 25
b 1975
r 8 4 4 4 25
b 1975
r 0 0 16 16 100
b 1900
r 4 8 4 4 75
b 1925
r 0 4 4 4 75
b 1925
r 8 12 4 4 75
b 1925
r 12 8 4 4 100
b 1900
r 0 0 4 4 10
b 1990
r 8 8 4 4 25
b 1975
r 8 8 4 4 10
b 1990
r 8 0 4 4 75
b 1925
r 4 0 4 4 10
b 1990
r 8 0 8 8 5
b 1995
r 12 8 4 4 50
b 1950
r 12 4 4 4 100
b 1900
r 0 8 4 4 5
b 1995
r 0 0 8 8 100
b 1900
r 8 4 4 4 10
b 1990
r 4 4 4 4 25
b 1975
r 0 8 4 4 25
b 1975
r 12 12 4 4 25
b 1975
r 8 0 4 4 10
b 1990
r 4 4 4 4 75
b 1925
r 0 0 4 4 75
b 1925
r 0 8 8 8 10
b 1990
r 8 8 4 4 75
b 1925
r 0 4 4 4 5
b 1995
r 4 12 4 4 5
b 1995
r 0 0 4 4 5
b 1995
r 12 4 4 4 50
b 1950
r 4 12 4 4 10
b 1990
r 0 0 4 4 50
b 1950
r 8 8 8 8 5
b 1995
r 12 0 4 4 10
b 1990
r 8 4 4 4 75
b 1925
r 0 4 4 4 10
b 1990
r 12 12 4 4 5
b 1995
r 0 0 8 8 10
b 1990
r 0 4 4 4 100
b 1900
r 12 8 4 4 75
b 1925
r 4 0 4 4 5
b 1995
r 8 0 4 4 100
b 1900
r 0 8 4 4 50
b 1950
r 12 4 4 4 5
b 1995
r 4 12 4 4 25
b 1975
r 0 0 16 16 10
b 1990
r 8 8 8 8 75
b 1925
r 12 8 4 4 5
b 1995
r 8 12 4 4 5
b 1995
r 8 8 4 4 100
b 1900
r 4 8 4 4 25
b 1975
r 12 12 4 4 10
b 1990
r 8 8 4 4 5
b 1995
r 8 0 8 8 10
b 1990
r 8 0 8 8 75
b 1925
r 12 4 4 4 50
b 1950
r 12 0 4 4 10
b 1990
r 4 4 4 4 10
b 1990
r 0 0 16 16 75
b 1925
r 0 0 4 4 100
b 1900
r 4 12 4 4 10
b 1990
r 8 4 4 4 75
b 1925
r 8 12 4 4 25
b 1975
r 8 8 8 8 10
b 1990
r 8 8 8 8 5
b 1995
r 0 0 8 8 75
b 1925
r 12 0 4 4 50
b 1950
r 0 0 4 4 50
b 1950
r 12 0 4 4 100
b 1900
r 0 0 4 4 75
b 1925
r 4 8 4 4 75
b 1925
r 12 4 4 4 75
b 1925
r 4 8 4 4 100
b 1900
r 8 12 4 4 50
b 1950
r 12 8 4 4 10
b 1990
r 12 12 4 4 75
b 1925
r 0 12 4 4 75
b 1925
r 0 4 4 4 25
b 1975
r 4 0 4 4 100
b 1900
r 8 12 4 4 10
b 1990
r 8 8 8 8 50
b 1950
r 0 12 4 4 25
b 1975
r 8 12 4 4 100
b 1900
r 0 8 4 4 10
b 1990
r 0 8 4 4 25
b 1975
r 0 4 4 4 5
b 1995
r 8 8 8 8 75
b 1925
r 0 8 4 4 75
b 1925
r 4 12 4 4 5
b 1995
r 12 8 4 4 5
b 1995
r 4 12 4 4 100
b 1900
r 8 4 4 4 5
b 1995
r 8 12 4 4 75
b 1925
r 12 4 4 4 25
b 1975
r 8 0 4 4 75
b 1925
r 8 8 4 4 75
b 1925
r 4 0 4 4 5
b 1995
r 0 0 4 4 10
b 1990
r 12 4 4 4 100
b 1900
r 8 8 8 8 100
b 1900
r 0 0 4 4 5
b 1995
r 8 0 8 8 50
b 1950
r 4 8 4 4 10
b 1990
r 8 8 4 4 10
b 1990
r 12 8 4 4 100
b 1900
r 0 12 4 4 100
b 1900
r 0 0 8 8 100
b 1900
r 0 0 8 8 5
b 1995
r 12 4 4 4 5
b 1995
r 0 8 4 4 50
b 1950
r 4 4 4 4 5
b 1995
r 4 0 4 4 10
b 1990
r 4 8 4 4 50
b 1950
r 4 12 4 4 75
b 1925
r 8 0 4 4 100
b 1900
r 8 0 4 4 10
b 1990
r 0 12 4 4 10
b 1990
r 0 8 8 8 75
b 1925
r 0 8 8 8 100
b 1900
r 12 0 4 4 25
b 1975
r 4 4 4 4 50
b 1950
r 8 8 8 8 25
b 1975
r 0 0 4 4 25
b 1975
r 12 12 4 4 25
b 1975
r 0 8 8 8 5
b 1995
r 8 4 4 4 10
b 1990
r 0 0 16 16 10
b 1990
r 0 12 4 4 50
b 1950
r 12 8 4 4 50
b 1950
r 0 4 4 4 75
b 1925
r 8 8 4 4 25
b 1975
r 0 0 16 16 25
b 1975
r 0 4 4 4 50
b 1950
r 0 0 8 8 25
b 1975
r 8 8 4 4 100
b 1900
r 8 4 4 4 50
b 1950
r 8 0 8 8 100
b 1900
r 4 12 4 4 25
b 1975
r 4 12 4 4 50
b 1950
r 0 0 8 8 10
b 1990
r 4 0 4 4 50
b 1950
r 4 4 4 4 25
b 1975
r 0 4 4 4 10
b 1990
r 8 8 4 4 50
b 1950
r 8 4 4 4 25
b 1975
r 12 12 4 4 50
b 1950
r 0 0 16 16 50
b 1950
r 0 12 4 4 5
b 1995
r 0 0 16 16 5
b 1995
r 8 4 4 4 100
b 1900
r 0 4 4 4 100
b 1900
r 0 8 4 4 5
b 1995
r 0 0 8 8 50
b 1950
r 0 8 4 4 100
b 1900
r 8 0 4 4 5
b 1995
r 0 8 8 8 25
b 1975
r 12 0 4 4 75
b 1925
r 8 0 8 8 5
b 1995
r 4 4 4 4 75
b 1925
r 8 0 8 8 25
b 1975
r 8 12 4 4 5
b 1995
r 8 0 4 4 50
b 1950
r 0 8 8 8 50
b 1950
r 12 0 4 4 5
b 1995
r 4 8 4 4 5
b 1995
r 0 8 8 8 10
b 1990
r 12 12 4 4 100
b 1900
r 12 8 4 4 25
b 1975
r 12 12 4 4 5
b 1995
r 0 0 16 16 100
b 1900
r 8 0 4 4 25
b 1975
r 12 8 4 4 75
b 1925
r 4 0 4 4 75
b 1925
r 4 4 4 4 100
b 1900
r 4 0 4 4 25
b 1975
r 12 4 4 4 10
b 1990
r 8 8 4 4 100
b 1900
r 8 4 4 4 10
b 1990
r 12 8 4 4 50
b 1950
r 8 12 4 4 25
b 1975
r 12 0 4 4 75
b 1925
r 0 4 4 4 75
b 1925
r 0 8 4 4 10
b 1990
r 8 0 8 8 75
b 1925
r 8 4 4 4 5
b 1995
r 12 8 4 4 5
b 1995
r 12 0 4 4 5
b 1995
r 0 12 4 4 5
b 1995
r 4 0 4 4 100
b 1900
r 0 12 4 4 100
b 1900
r 4 12 4 4 75
b 1925
r 0 8 8 8 25
b 1975
r 0 0 16 16 100
b 1900
r 12 0 4 4 25
b 1975
r 8 12 4 4 100
b 1900
r 12 12 4 4 10
b 1990
r 4 4 4 4 5
b 1995
r 0 8 8 8 100
b 1900
r 8 8 4 4 25
b 1975
r 0 12 4 4 25
b 1975
r 12 0 4 4 100
b 1900
r 0 4 4 4 5
b 1995
r 12 4 4 4 5
b 1995
r 0 0 8 8 50
b 1950
r 4 0 4 4 5
b 1995
r 12 0 4 4 10
b 1990
r 0 0 8 8 5
b 1995
r 12 8 4 4 100
b 1900
r 0 0 16 16 75
b 1925
r 8 12 4 4 75
b 1925
r 4 0 4 4 25
b 1975
r 8 8 8 8 10
b 1990
r 4 4 4 4 25
b 1975
r 0 0 4 4 10
b 1990
r 4 12 4 4 100
b 1900
r 8 0 8 8 10
b 1990
r 4 8 4 4 10
b 1990
r 8 0 4 4 10
b 1990
r 0 0 8 8 75
b 1925
r 0 0 4 4 25
b 1975
r 8 8 8 8 25
b 1975
r 0 8 4 4 75
b 1925
r 12 4 4 4 25
b 1975
r 0 12 4 4 50
b 1950
r 12 12 4 4 100
b 1900
r 12 8 4 4 75
b 1925
r 8 0 8 8 5
b 1995
r 4 0 4 4 10
b 1990
r 4 12 4 4 10
b 1990
r 0 4 4 4 100
b 1900
r 8 12 4 4 10
b 1990
r 0 8 4 4 5
b 1995
r 8 8 4 4 10
b 1990
r 8 8 4 4 75
b 1925
r 4 8 4 4 75
b 1925
r 8 4 4 4 50
b 1950
r 8 8 8 8 50
b 1950
r 0 0 4 4 75
b 1925
r 0 0 16 16 25
b 1975
r 12 12 4 4 25
b 1975
r 0 0 8 8 10
b 1990
r 0 4 4 4 25
b 1975
r 8 0 8 8 25
b 1975
r 12 12 4 4 75
b 1925
r 12 12 4 4 50
b 1950
r 12 4 4 4 75
b 1925
r 0 8 8 8 5
b 1995
r 8 4 4 4 25
b 1975
r 0 12 4 4 10
b 1990
r 0 4 4 4 10
b 1990
r 12 12 4 4 5
b 1995
r 4 8 4 4 25
b 1975
r 4 12 4 4 25
b 1975
r 4 4 4 4 100
b 1900
r 12 0 4 4 50
b 1950
r 8 0 4 4 100
b 1900
r 8 0 4 4 25
b 1975
r 8 8 4 4 5
b 1995
r 0 8 8 8 75
b 1925
r 8 12 4 4 5
b 1995
r 8 8 8 8 75
b 1925
r 4 4 4 4 10
b 1990
r 4 12 4 4 5
b 1995
r 8 8 8 8 100
b 1900
r 8 4 4 4 100
b 1900
r 12 4 4 4 50
b 1950
r 0 0 4 4 5
b 1995
r 0 0 16 16 5
b 1995
r 0 8 4 4 100
b 1900
r 12 4 4 4 100
b 1900
r 0 0 16 16 50
b 1950
r 4 0 4 4 50
b 1950
r 8 0 8 8 50
b 1950
r 8 0 8 8 100
b 1900
r 0 0 16 16 10
b 1990
r 0 8 8 8 50
b 1950
r 0 0 8 8 25
b 1975
r 8 8 8 8 5
b 1995
r 0 12 4 4 75
b 1925
r 12 8 4 4 25
b 1975
r 0 0 4 4 100
b 1900
r 4 8 4 4 5
b 1995
r 0 0 8 8 100
b 1900
r 12 4 4 4 10
b 1990
r 0 8 4 4 50
b 1950
r 4 12 4 4 50
b 1950
r 8 12 4 4 50
b 1950
r 8 0 4 4 50
b 1950
r 0 8 4 4 25
b 1975
r 4 8 4 4 100
b 1900
r 0 0 4 4 50
b 1950
r 8 4 4 4 75
b 1925
r 8 8 4 4 50
b 1950
r 0 4 4 4 50
b 1950
r 4 4 4 4 75
b 1925
r 4 4 4 4 50
b 1950
r 12 8 4 4 10
b 1990
r 4 8 4 4 50
b 1950
r 4 0 4 4 75
b 1925
r 0 8 8 8 10
b 1990
r 8 0 4 4 5
b 1995
r 8 0 4 4 75
b 1925
r 0 0 4 4 75
b 1925
r 8 8 8 8 25
b 1975
r 12 8 4 4 100
b 1900
r 12 12 4 4 10
b 1990
r 0 0 16 16 5
b 1995
r 12 0 4 4 50
b 1950
r 0 0 8 8 75
b 1925
r 0 8 4 4 10
b 1990
r 0 12 4 4 100
b 1900
r 0 8 8 8 100
b 1900
r 0 4 4 4 25
b 1975
r 8 8 4 4 100
b 1900
r 4 4 4 4 10
b 1990
r 0 12 4 4 75
b 1925
r 0 0 4 4 25
b 1975
r 0 0 16 16 50
b 1950
r 12 4 4 4 25
b 1975
r 8 8 4 4 10
b 1990
r 8 8 4 4 5
b 1995
r 12 4 4 4 75
b 1925
r 8 8 4 4 50
b 1950
r 4 8 4 4 10
b 1990
r 8 0 8 8 75
b 1925
r 0 4 4 4 5
b 1995
r 8 8 4 4 25
b 1975
r 8 0 8 8 25
b 1975
r 4 4 4 4 25
b 1975
r 0 8 4 4 100
b 1900
r 0 0 8 8 100
b 1900
r 4 8 4 4 100
b 1900
r 12 12 4 4 100
b 1900
r 8 4 4 4 75
b 1925
r 4 8 4 4 75
b 1925
r 8 0 4 4 100
b 1900
r 12 0 4 4 10
b 1990
r 4 12 4 4 100
b 1900
r 0 0 4 4 100
b 1900
r 4 8 4 4 5
b 1995
r 12 4 4 4 10
b 1990
r 4 12 4 4 5
b 1995
r 12 0 4 4 75
b 1925
r 12 4 4 4 100
b 1900
r 0 8 8 8 75
b 1925
r 12 12 4 4 50
b 1950
r 4 0 4 4 50
b 1950
r 12 4 4 4 5
b 1995
r 8 8 8 8 5
b 1995
r 0 0 16 16 25
b 1975
r 8 0 8 8 50
b 1950
r 8 0 4 4 25
b 1975
r 0 12 4 4 50
b 1950
r 8 0 4 4 50
b 1950
r 0 0 16 16 100
b 1900
r 0 8 8 8 50
b 1950
r 0 8 8 8 5
b 1995
r 0 0 16 16 75
b 1925
r 8 0 4 4 75
b 1925
r 8 12 4 4 50
b 1950
r 12 8 4 4 10
b 1990
r 8 0 8 8 10
b 1990
r 0 0 16 16 10
b 1990
r 4 0 4 4 100
b 1900
r 12 12 4 4 5
b 1995
r 0 8 4 4 50
b 1950
r 12 0 4 4 5
b 1995
r 8 8 8 8 100
b 1900
r 0 12 4 4 5
b 1995
r 0 0 8 8 5
b 1995
r 4 12 4 4 50
b 1950
r 4 12 4 4 75
b 1925
r 0 4 4 4 50
b 1950
r 12 8 4 4 50
b 1950
r 8 8 4 4 75
b 1925
r 12 8 4 4 25
b 1975
r 8 8 8 8 75
b 1925
r 4 0 4 4 5
b 1995
r 0 4 4 4 75
b 1925
r 0 0 4 4 5
b 1995
r 0 4 4 4 100
b 1900
r 8 12 4 4 75
b 1925
r 8 4 4 4 5
b 1995
r 8 4 4 4 100
b 1900
r 4 0 4 4 25
b 1975
r 0 8 4 4 75
b 1925
r 12 8 4 4 75
b 1925
r 8 0 4 4 5
b 1995
r 0 0 8 8 25
b 1975
r 0 12 4 4 10
b 1990
r 8 12 4 4 10
b 1990
r 0 0 4 4 10
b 1990
r 8 0 8 8 5
b 1995
r 8 4 4 4 50
b 1950
r 8 0 8 8 100
b 1900
r 4 4 4 4 50
b 1950
r 4 4 4 4 100
b 1900
r 4 8 4 4 50
b 1950
r 0 8 8 8 25
b 1975
r 4 0 4 4 10
b 1990
r 8 0 4 4 10
b 1990
r 0 0 8 8 10
b 1990
r 0 8 4 4 25
b 1975
r 4 12 4 4 25
b 1975
r 8 12 4 4 5
b 1995
r 12 12 4 4 25
b 1975
r 8 8 8 8 50
b 1950
r 4 12 4 4 10
b 1990
r 12 12 4 4 75
b 1925
r 4 8 4 4 25
b 1975
r 0 8 4 4 5
b 1995
r 0 0 8 8 50
b 1950
r 0 0 4 4 50
b 1950
r 8 12 4 4 100
b 1900
r 12 8 4 4 5
b 1995
r 8 4 4 4 10
b 1990
r 8 4 4 4 25
b 1975
r 4 4 4 4 75
b 1925
r 12 4 4 4 50
b 1950
r 8 12 4 4 25
b 1975
r 0 4 4 4 10
b 1990
r 8 8 8 8 10
b 1990
r 4 0 4 4 75
b 1925
r 4 4 4 4 5
b 1995
r 0 12 4 4 25
b 1975
r 0 8 8 8 10
b 1990
r 12 0 4 4 100
b 1900
r 12 0 4 4 25
b 1975
r 8 4 4 4 10
b 1990
r 12 12 4 4 25
b 1975
r 8 8 8 8 50
b 1950
r 0 0 16 16 75
b 1925
r 12 0 4 4 100
b 1900
r 8 4 4 4 100
b 1900
r 0 0 16 16 25
b 1975
r 0 0 16 16 50
b 1950
r 0 12 4 4 10
b 1990
r 0 0 8 8 100
b 1900
r 0 0 8 8 75
b 1925
r 12 4 4 4 50
b 1950
r 4 12 4 4 100
b 1900
r 0 8 8 8 25
b 1975
r 0 8 8 8 100
b 1900
r 8 0 4 4 50
b 1950
r 4 8 4 4 100
b 1900
r 4 4 4 4 5
b 1995
r 0 0 8 8 10
b 1990
r 8 8 8 8 10
b 1990
r 12 8 4 4 100
b 1900
r 0 0 4 4 5
b 1995
r 8 8 4 4 10
b 1990
r 0 8 8 8 5
b 1995
r 8 8 4 4 100
b 1900
r 8 8 8 8 25
b 1975
r 8 4 4 4 5
b 1995
r 8 12 4 4 25
b 1975
r 12 8 4 4 75
b 1925
r 4 8 4 4 75
b 1925
r 0 12 4 4 75
b 1925
r 8 12 4 4 100
b 1900
r 4 0 4 4 75
b 1925
r 0 8 8 8 50
b 1950
r 0 8 8 8 75
b 1925
r 0 8 4 4 100
b 1900
r 0 8 4 4 10
b 1990
r 0 4 4 4 10
b 1990
r 0 8 4 4 75
b 1925
r 4 4 4 4 100
b 1900
r 8 0 4 4 100
b 1900
r 8 4 4 4 25
b 1975
r 0 0 4 4 50
b 1950
r 12 4 4 4 5
b 1995
r 8 0 4 4 10
b 1990
r 4 12 4 4 5
b 1995
r 0 12 4 4 25
b 1975
r 8 0 4 4 25
b 1975
r 4 12 4 4 50
b 1950
r 8 0 8 8 100
b 1900
r 12 4 4 4 25
b 1975
r 12 4 4 4 100
b 1900
r 4 12 4 4 10
b 1990
r 8 0 4 4 5
b 1995
r 8 12 4 4 10
b 1990
r 0 4 4 4 100
b 1900
r 12 0 4 4 75
b 1925
r 4 12 4 4 25
b 1975
r 0 4 4 4 5
b 1995
r 0 0 4 4 10
b 1990
r 12 0 4 4 25
b 1975
r 4 4 4 4 75
b 1925
r 4 0 4 4 10
b 1990
r 8 12 4 4 5
b 1995
r 4 8 4 4 25
b 1975
r 12 4 4 4 75
b 1925
r 12 12 4 4 75
b 1925
r 4 4 4 4 10
b 1990
r 8 0 8 8 75
b 1925
r 12 0 4 4 5
b 1995
r 12 8 4 4 10
b 1990
r 0 8 4 4 25
b 1975
r 12 12 4 4 100
b 1900
r 8 4 4 4 50
b 1950
r 0 0 4 4 100
b 1900
r 8 12 4 4 50
b 1950
r 0 0 16 16 5
b 1995
r 0 12 4 4 50
b 1950
r 8 0 4 4 75
b 1925
r 0 0 8 8 5
b 1995
r 4 0 4 4 100
b 1900
r 8 12 4 4 75
b 1925
r 0 0 8 8 50
b 1950
r 0 12 4 4 100
b 1900
r 12 12 4 4 10
b 1990
r 8 0 8 8 50
b 1950
r 4 0 4 4 25
b 1975
r 4 8 4 4 5
b 1995
r 0 0 4 4 25
b 1975
r 8 8 8 8 5
b 1995
r 0 0 16 16 100
b 1900
r 4 12 4 4 75
b 1925
r 12 0 4 4 50
b 1950
r 8 0 8 8 10
b 1990
r 0 4 4 4 75
b 1925
r 8 0 8 8 25
b 1975
r 12 8 4 4 5
b 1995
r 0 4 4 4 25
b 1975
r 0 0 4 4 75
b 1925
r 0 8 8 8 10
b 1990
r 4 0 4 4 50
b 1950
r 0 0 8 8 25
b 1975
r 4 0 4 4 5
b 1995
r 8 8 4 4 50
b 1950
r 12 4 4 4 10
b 1990
r 12 8 4 4 25
b 1975
r 12 8 4 4 50
b 1950
r 12 12 4 4 5
b 1995
r 8 8 4 4 25
b 1975
r 4 4 4 4 25
b 1975
r 8 0 8 8 5
b 1995
r 8 4 4 4 75
b 1925
r 12 12 4 4 50
b 1950
r 0 4 4 4 50
b 1950
r 8 8 4 4 5
b 1995
r 4 8 4 4 10
b 1990
r 8 8 4 4 75
b 1925
r 4 4 4 4 50
b 1950
r 0 12 4 4 5
b 1995
r 0 0 16 16 10
b 1990
r 0 8 4 4 5
b 1995
r 0 8 4 4 50
b 1950
r 8 8 8 8 75
b 1925
r 8 8 8 8 100
b 1900
r 4 8 4 4 50
b 1950
r 12 0 4 4 10
b 1990
r 12 0 4 4 10
b 1990
r 12 0 4 4 25
b 1975
r 4 8 4 4 75
b 1925
r 12 0 4 4 100
b 1900
r 0 0 4 4 50
b 1950
r 0 8 8 8 10
b 1990
r 4 12 4 4 25
b 1975
r 8 0 4 4 100
b 1900
r 4 4 4 4 10
b 1990
r 0 0 4 4 10
b 1990
r 12 12 4 4 100
b 1900
r 0 0 16 16 75
b 1925
r 12 0 4 4 50
b 1950
r 0 0 8 8 100
b 1900
r 4 4 4 4 75
b 1925
r 12 8 4 4 25
b 1975
r 8 8 8 8 100
b 1900
r 8 0 8 8 50
b 1950
r 4 8 4 4 50
b 1950
r 4 12 4 4 75
b 1925
r 0 0 8 8 75
b 1925
r 0 12 4 4 75
b 1925
r 8 4 4 4 5
b 1995
r 4 8 4 4 5
b 1995
r 0 4 4 4 5
b 1995
r 4 0 4 4 50
b 1950
r 4 0 4 4 25
b 1975
r 8 8 8 8 10
b 1990
r 8 0 4 4 10
b 1990
r 0 12 4 4 5
b 1995
r 0 8 4 4 50
b 1950
r 12 0 4 4 75
b 1925
r 12 4 4 4 75
b 1925
r 8 8 4 4 75
b 1925
r 8 8 8 8 25
b 1975
r 8 0 8 8 100
b 1900
r 8 0 8 8 75
b 1925
r 0 0 8 8 5
b 1995
r 12 4 4 4 100
b 1900
r 12 8 4 4 10
b 1990
r 12 4 4 4 10
b 1990
r 0 8 4 4 10
b 1990
r 0 0 8 8 25
b 1975
r 4 0 4 4 10
b 1990
r 0 8 8 8 100
b 1900
r 8 12 4 4 5
b 1995
r 0 0 16 16 50
b 1950
r 12 8 4 4 100
b 1900
r 8 0 8 8 10
b 1990
r 0 12 4 4 50
b 1950
r 8 8 8 8 50
b 1950
r 0 8 4 4 5
b 1995
r 4 12 4 4 10
b 1990
r 12 4 4 4 5
b 1995
r 8 4 4 4 100
b 1900
r 0 12 4 4 10
b 1990
r 4 0 4 4 100
b 1900
r 0 8 8 8 75
b 1925
r 8 0 8 8 25
b 1975
r 12 12 4 4 25
b 1975
r 0 0 4 4 25
b 1975
r 0 8 4 4 100
b 1900
r 12 12 4 4 50
b 1950
r 0 8 4 4 25
b 1975
r 8 4 4 4 75
b 1925
r 12 8 4 4 50
b 1950
r 4 0 4 4 75
b 1925
r 8 8 4 4 50
b 1950
r 8 0 4 4 5
b 1995
r 12 4 4 4 25
b 1975
r 4 8 4 4 25
b 1975
r 0 4 4 4 25
b 1975
r 0 4 4 4 75
b 1925
r 8 12 4 4 10
b 1990
r 4 0 4 4 5
b 1995
r 4 12 4 4 50
b 1950
r 0 0 16 16 5
b 1995
r 4 8 4 4 10
b 1990
r 8 8 4 4 5
b 1995
r 12 12 4 4 10
b 1990
r 8 8 4 4 25
b 1975
r 4 4 4 4 50
b 1950
r 0 4 4 4 10
b 1990
r 0 8 8 8 25
b 1975
r 12 12 4 4 5
b 1995
r 8 4 4 4 25
b 1975
r 0 0 4 4 100
b 1900
r 0 12 4 4 25
b 1975
r 8 8 4 4 100
b 1900
r 8 8 8 8 75
b 1925
r 4 12 4 4 100
b 1900
r 0 8 8 8 50
b 1950
r 0 0 16 16 100
b 1900
r 8 4 4 4 10
b 1990
r 4 4 4 4 5
b 1995
r 0 0 4 4 75
b 1925
r 8 0 4 4 50
b 1950
r 0 0 16 16 10
b 1990
r 4 12 4 4 5
b 1995
r 4 8 4 4 100
b 1900
r 8 4 4 4 50
b 1950
r 12 0 4 4 5
b 1995
r 0 0 8 8 50
b 1950
r 0 0 8 8 10
b 1990
r 8 12 4 4 50
b 1950
r 4 4 4 4 25
b 1975
r 0 4 4 4 50
b 1950
r 0 0 16 16 25
b 1975
r 8 8 4 4 10
b 1990
r 0 12 4 4 100
b 1900
r 12 8 4 4 75
b 1925
r 4 4 4 4 100
b 1900
r 12 8 4 4 5
b 1995
r 0 0 4 4 5
b 1995
r 0 8 8 8 5
b 1995
r 8 0 4 4 75
b 1925
r 8 12 4 4 25
b 1975
r 8 8 8 8 5
b 1995
r 8 12 4 4 75
b 1925
r 0 4 4 4 100
b 1900
r 8 0 4 4 25
b 1975
r 12 4 4 4 50
b 1950
r 0 8 4 4 75
b 1925
r 8 12 4 4 100
b 1900
r 12 12 4 4 75
b 1925
r 8 0 8 8 5
b 1995
r 0 8 4 4 25
b 1975
r 0 4 4 4 10
b 1990
r 8 8 8 8 50
b 1950
r 12 4 4 4 5
b 1995
r 8 4 4 4 50
b 1950
r 4 4 4 4 25
b 1975
r 8 8 4 4 100
b 1900
r 0 4 4 4 100
b 1900
r 4 12 4 4 10
b 1990
r 4 4 4 4 100
b 1900
r 0 8 8 8 25
b 1975
r 4 4 4 4 5
b 1995
r 0 8 8 8 10
b 1990
r 12 0 4 4 100
b 1900
r 0 12 4 4 5
b 1995
r 0 4 4 4 75
b 1925
r 8 4 4 4 10
b 1990
r 8 8 4 4 10
b 1990
r 8 0 8 8 50
b 1950
r 4 0 4 4 10
b 1990
r 0 8 4 4 75
b 1925
r 12 4 4 4 100
b 1900
r 12 12 4 4 5
b 1995
r 8 8 4 4 25
b 1975
r 12 12 4 4 10
b 1990
r 12 8 4 4 25
b 1975
r 8 12 4 4 100
b 1900
r 0 8 8 8 5
b 1995
r 8 8 8 8 100
b 1900
r 0 8 8 8 75
b 1925
r 4 0 4 4 50
b 1950
r 0 0 4 4 100
b 1900
r 0 8 4 4 10
b 1990
r 8 0 4 4 50
b 1950
r 12 12 4 4 50
b 1950
r 12 4 4 4 25
b 1975
r 12 0 4 4 25
b 1975
r 0 0 16 16 5
b 1995
r 4 12 4 4 25
b 1975
r 12 4 4 4 75
b 1925
r 8 0 4 4 25
b 1975
r 4 8 4 4 25
b 1975
r 12 4 4 4 50
b 1950
r 8 12 4 4 25
b 1975
r 8 12 4 4 75
b 1925
r 0 12 4 4 10
b 1990
r 8 0 8 8 75
b 1925
r 12 8 4 4 5
b 1995
r 12 0 4 4 75
b 1925
r 0 4 4 4 5
b 1995
r 12 8 4 4 100
b 1900
r 4 0 4 4 5
b 1995
r 0 0 4 4 75
b 1925
r 0 0 16 16 100
b 1900
r 12 8 4 4 75
b 1925
r 8 0 4 4 100
b 1900
r 0 0 16 16 10
b 1990
r 0 0 8 8 50
b 1950
r 0 0 8 8 10
b 1990
r 0 0 16 16 75
b 1925
r 8 8 8 8 25
b 1975
r 0 0 8 8 100
b 1900
r 4 12 4 4 75
b 1925
r 12 4 4 4 10
b 1990
r 0 0 8 8 75
b 1925
r 8 8 4 4 5
b 1995
r 0 0 4 4 5
b 1995
r 4 8 4 4 5
b 1995
r 12 12 4 4 75
b 1925
r 8 0 4 4 10
b 1990
r 12 0 4 4 50
b 1950
r 0 12 4 4 50
b 1950
r 0 0 16 16 25
b 1975
r 0 0 4 4 50
b 1950
r 0 12 4 4 25
b 1975
r 4 8 4 4 75
b 1925
r 0 0 4 4 25
b 1975
r 0 4 4 4 25
b 1975
r 12 12 4 4 25
b 1975
r 8 8 8 8 75
b 1925
r 8 12 4 4 50
b 1950
r 8 8 8 8 5
b 1995
r 0 12 4 4 100
b 1900
r 4 0 4 4 75
b 1925
r 4 12 4 4 50
b 1950
r 12 8 4 4 50
b 1950
r 0 12 4 4 75
b 1925
r 12 8 4 4 10
b 1990
r 8 8 4 4 50
b 1950
r 8 0 8 8 5
b 1995
r 12 0 4 4 10
b 1990
r 0 0 4 4 10
b 1990
r 0 0 8 8 5
b 1995
r 8 0 4 4 5
b 1995
r 4 0 4 4 25
b 1975
r 8 12 4 4 5
b 1995
r 12 0 4 4 5
b 1995
r 4 8 4 4 100
b 1900
r 4 12 4 4 5
b 1995
r 4 8 4 4 50
b 1950
r 0 8 4 4 50
b 1950
r 8 4 4 4 5
b 1995
r 8 8 4 4 75
b 1925
r 4 4 4 4 50
b 1950
r 4 4 4 4 75
b 1925
r 4 0 4 4 100
b 1900
r 8 4 4 4 25
b 1975
r 0 0 8 8 25
b 1975
r 0 8 8 8 100
b 1900
r 8 0 8 8 10
b 1990
r 0 0 16 16 50
b 1950
r 0 8 4 4 100
b 1900
r 0 8 4 4 5
b 1995
r 8 0 4 4 75
b 1925
r 0 8 8 8 50
b 1950
r 8 8 8 8 10
b 1990
r 8 4 4 4 75
b 1925
r 8 4 4 4 100
b 1900
r 8 0 8 8 25
b 1975
r 4 8 4 4 10
b 1990
r 12 12 4 4 100
b 1900
r 8 12 4 4 10
b 1990
r 0 4 4 4 50
b 1950
r 4 4 4 4 10
b 1990
r 4 12 4 4 100
b 1900
r 8 0 8 8 100
b 1900
r 8 12 4 4 25
b 1975
r 0 4 4 4 10
b 1990
r 0 8 8 8 75
b 1925
r 12 8 4 4 50
b 1950
r 4 12 4 4 25
b 1975
r 0 0 8 8 5
b 1995
r 0 4 4 4 100
b 1900
r 8 12 4 4 5
b 1995
r 12 0 4 4 100
b 1900
r 12 0 4 4 50
b 1950
r 8 0 4 4 75
b 1925
r 12 8 4 4 100
b 1900
r 4 4 4 4 25
b 1975
r 12 0 4 4 75
b 1925
r 0 8 4 4 25
b 1975
r 12 4 4 4 100
b 1900
r 4 0 4 4 75
b 1925
r 12 4 4 4 10
b 1990
r 4 8 4 4 25
b 1975
r 4 8 4 4 50
b 1950
r 0 12 4 4 25
b 1975
r 12 8 4 4 75
b 1925
r 0 4 4 4 25
b 1975
r 4 0 4 4 10
b 1990
r 0 8 8 8 25
b 1975
r 4 4 4 4 10
b 1990
r 12 0 4 4 5
b 1995
r 8 4 4 4 50
b 1950
r 0 12 4 4 10
b 1990
r 4 12 4 4 5
b 1995
r 0 0 8 8 10
b 1990
r 8 0 4 4 100
b 1900
r 0 8 4 4 75
b 1925
r 12 0 4 4 25
b 1975
r 8 0 8 8 5
b 1995
r 8 12 4 4 10
b 1990
r 4 12 4 4 100
b 1900
r 12 8 4 4 25
b 1975
r 12 4 4 4 75
b 1925
r 8 12 4 4 100
b 1900
r 8 4 4 4 5
b 1995
r 0 0 4 4 75
b 1925
r 0 8 8 8 10
b 1990
r 0 8 8 8 50
b 1950
r 8 0 4 4 5
b 1995
r 8 0 8 8 75
b 1925
r 12 4 4 4 5
b 1995
r 4 8 4 4 5
b 1995
r 0 8 8 8 5
b 1995
r 8 4 4 4 25
b 1975
r 0 8 4 4 50
b 1950
r 12 4 4 4 25
b 1975
r 12 12 4 4 10
b 1990
r 4 12 4 4 50
b 1950
r 8 0 8 8 100
b 1900
r 4 4 4 4 100
b 1900
r 0 4 4 4 50
b 1950
r 0 8 8 8 100
b 1900
r 4 4 4 4 50
b 1950
r 0 0 8 8 75
b 1925
r 0 0 4 4 100
b 1900
r 8 4 4 4 100
b 1900
r 4 8 4 4 10
b 1990
r 8 12 4 4 75
b 1925
r 8 8 8 8 25
b 1975
r 8 0 4 4 10
b 1990
r 12 0 4 4 10
b 1990
r 0 4 4 4 75
b 1925
r 4 0 4 4 25
b 1975
r 0 12 4 4 50
b 1950
r 8 0 8 8 25
b 1975
r 8 8 8 8 100
b 1900
r 12 8 4 4 5
b 1995
r 12 12 4 4 75
b 1925
r 8 4 4 4 75
b 1925
r 4 8 4 4 100
b 1900
r 0 0 16 16 75
b 1925
r 0 12 4 4 5
b 1995
r 12 12 4 4 100
b 1900
r 0 0 4 4 50
b 1950
r 0 8 4 4 5
b 1995
r 12 12 4 4 25
b 1975
r 0 0 16 16 10
b 1990
r 0 0 8 8 100
b 1900
r 12 12 4 4 50
b 1950
r 8 8 4 4 50
b 1950
r 0 0 16 16 5
b 1995
r 4 12 4 4 75
b 1925
r 8 8 8 8 75
b 1925
r 12 12 4 4 5
b 1995
r 8 8 4 4 75
b 1925
r 0 0 8 8 50
b 1950
r 0 0 16 16 50
b 1950
r 8 0 4 4 50
b 1950
r 8 8 4 4 25
b 1975
r 0 0 4 4 10
b 1990
r 8 8 8 8 5
b 1995
r 0 12 4 4 75
b 1925
r 8 12 4 4 50
b 1950
r 4 0 4 4 5
b 1995
r 4 4 4 4 75
b 1925
r 0 12 4 4 100
b 1900
r 8 0 8 8 50
b 1950
r 4 0 4 4 100
b 1900
r 8 4 4 4 10
b 1990
r 4 12 4 4 10
b 1990
r 4 8 4 4 75
b 1925
r 4 0 4 4 50
b 1950
r 12 8 4 4 10
b 1990
r 0 8 4 4 10
b 1990
r 8 0 4 4 25
b 1975
r 8 8 4 4 5
b 1995
r 12 4 4 4 50
b 1950
r 8 8 4 4 100
b 1900
r 4 4 4 4 5
b 1995
r 0 4 4 4 5
b 1995
r 8 8 8 8 50
b 1950
r 8 8 4 4 10
b 1990
r 0 0 16 16 100
b 1900
r 0 0 16 16 25
b 1975
r 0 0 4 4 25
b 1975
r 0 0 4 4 5
b 1995
r 8 0 8 8 10
b 1990
r 0 8 4 4 100
b 1900
r 0 0 8 8 25
b 1975
r 8 8 8 8 10
b 1990
r 8 4 4 4 25
b 1975
r 12 0 4 4 5
b 1995
r 0 12 4 4 100
b 1900
r 8 8 4 4 10
b 1990
r 8 8 4 4 100
b 1900
r 0 4 4 4 100
b 1900
r 4 12 4 4 100
b 1900
r 0 0 16 16 100
b 1900
r 0 8 4 4 75
b 1925
r 12 8 4 4 25
b 1975
r 12 8 4 4 100
b 1900
r 0 0 4 4 10
b 1990
r 0 4 4 4 5
b 1995
r 0 8 8 8 100
b 1900
r 8 8 4 4 25
b 1975
r 8 4 4 4 5
b 1995
r 0 0 16 16 75
b 1925
r 12 12 4 4 50
b 1950
r 4 12 4 4 75
b 1925
r 8 4 4 4 100
b 1900
r 8 4 4 4 10
b 1990
r 0 0 4 4 100
b 1900
r 4 8 4 4 10
b 1990
r 4 8 4 4 5
b 1995
r 4 12 4 4 25
b 1975
r 8 0 8 8 75
b 1925
r 8 0 4 4 25
b 1975
r 8 0 8 8 5
b 1995
r 8 12 4 4 25
b 1975
r 12 4 4 4 5
b 1995
r 12 8 4 4 50
b 1950
r 12 4 4 4 75
b 1925
r 0 0 4 4 5
b 1995
r 0 0 8 8 10
b 1990
r 4 0 4 4 100
b 1900
r 0 12 4 4 50
b 1950
r 12 12 4 4 100
b 1900
r 12 8 4 4 5
b 1995
r 4 0 4 4 5
b 1995
r 12 0 4 4 75
b 1925
r 12 0 4 4 10
b 1990
r 0 8 8 8 75
b 1925
r 0 0 4 4 50
b 1950
r 8 8 8 8 10
b 1990
r 8 0 4 4 50
b 1950
r 8 4 4 4 50
b 1950
r 4 4 4 4 100
b 1900
r 0 12 4 4 25
b 1975
r 12 12 4 4 75
b 1925
r 4 4 4 4 75
b 1925
r 0 0 16 16 50
b 1950
r 4 0 4 4 50
b 1950
r 0 8 8 8 10
b 1990
r 8 4 4 4 75
b 1925
r 8 12 4 4 5
b 1995
r 8 8 8 8 50
b 1950
r 4 0 4 4 75
b 1925
r 0 8 8 8 25
b 1975
r 0 8 8 8 5
b 1995
r 8 8 8 8 25
b 1975
r 0 8 4 4 25
b 1975
r 4 12 4 4 5
b 1995
r 4 4 4 4 25
b 1975
r 4 8 4 4 75
b 1925
r 0 0 8 8 75
b 1925
r 12 12 4 4 5
b 1995
r 0 8 4 4 5
b 1995
r 4 0 4 4 25
b 1975
r 4 12 4 4 10
b 1990
r 8 0 4 4 100
b 1900
r 0 12 4 4 10
b 1990
r 12 4 4 4 10
b 1990
r 8 8 8 8 5
b 1995
r 4 12 4 4 50
b 1950
r 8 0 4 4 10
b 1990
r 8 12 4 4 100
b 1900
r 8 0 4 4 75
b 1925
r 12 0 4 4 100
b 1900
r 8 8 8 8 75
b 1925
r 0 0 8 8 50
b 1950
r 0 0 16 16 10
b 1990
r 8 8 4 4 5
b 1995
r 0 0 8 8 25
b 1975
r 12 0 4 4 50
b 1950
r 12 4 4 4 100
b 1900
r 8 0 4 4 5
b 1995
r 8 0 8 8 10
b 1990
r 0 0 8 8 5
b 1995
r 0 0 8 8 100
b 1900
r 0 12 4 4 75
b 1925
r 4 8 4 4 50
b 1950
r 12 12 4 4 25
b 1975
r 8 8 8 8 100
b 1900
r 8 0 8 8 100
b 1900
r 0 0 4 4 75
b 1925
r 12 12 4 4 10
b 1990
r 12 8 4 4 75
b 1925
r 8 12 4 4 75
b 1925
r 0 0 4 4 25
b 1975
r 4 8 4 4 100
b 1900
r 4 8 4 4 25
b 1975
r 8 12 4 4 50
b 1950
r 8 0 8 8 25
b 1975
r 12 4 4 4 50
b 1950
r 8 12 4 4 10
b 1990
r 0 4 4 4 75
b 1925
r 0 8 4 4 50
b 1950
r 0 0 16 16 25
b 1975
r 0 4 4 4 25
b 1975
r 0 0 16 16 5
b 1995
r 12 0 4 4 25
b 1975
r 0 4 4 4 10
b 1990
r 4 0 4 4 10
b 1990
r 0 12 4 4 5
b 1995
r 0 8 8 8 50
b 1950
r 4 4 4 4 5
b 1995
r 8 8 4 4 50
b 1950
r 8 0 8 8 50
b 1950
r 8 8 4 4 75
b 1925
r 12 4 4 4 25
b 1975
r 4 4 4 4 10
b 1990
r 12 8 4 4 10
b 1990
r 0 8 4 4 100
b 1900
r 4 4 4 4 50
b 1950
r 0 8 4 4 10
b 1990
r 0 4 4 4 50
b 1950
r 8 12 4 4 50
b 1950
r 12 8 4 4 100
b 1900
r 0 8 4 4 5
b 1995
r 4 4 4 4 50
b 1950
r 0 0 4 4 5
b 1995
r 12 12 4 4 75
b 1925
r 8 12 4 4 75
b 1925
r 8 0 4 4 100
b 1900
r 12 0 4 4 75
b 1925
r 8 8 4 4 100
b 1900
r 4 12 4 4 5
b 1995
r 8 8 8 8 75
b 1925
r 0 12 4 4 75
b 1925
r 4 8 4 4 10
b 1990
r 8 8 4 4 25
b 1975
r 0 0 4 4 25
b 1975
r 8 12 4 4 5
b 1995
r 8 12 4 4 100
b 1900
r 4 12 4 4 25
b 1975
r 0 0 16 16 25
b 1975
r 0 0 16 16 100
b 1900
r 8 0 8 8 10
b 1990
r 4 0 4 4 5
b 1995
r 12 12 4 4 25
b 1975
r 4 4 4 4 10
b 1990
r 12 8 4 4 50
b 1950
r 8 0 4 4 25
b 1975
r 0 0 4 4 100
b 1900
r 0 8 8 8 10
b 1990
r 0 4 4 4 50
b 1950
r 0 4 4 4 75
b 1925
r 0 12 4 4 5
b 1995
r 0 0 8 8 100
b 1900
r 12 4 4 4 10
b 1990
r 12 8 4 4 25
b 1975
r 12 4 4 4 5
b 1995
r 4 0 4 4 50
b 1950
r 4 8 4 4 100
b 1900
r 8 4 4 4 75
b 1925
r 0 8 8 8 25
b 1975
r 4 0 4 4 25
b 1975
r 12 4 4 4 75
b 1925
r 4 12 4 4 50
b 1950
r 0 4 4 4 25
b 1975
r 8 4 4 4 50
b 1950
r 0 0 4 4 50
b 1950
r 0 8 4 4 100
b 1900
r 8 8 8 8 5
b 1995
r 8 0 4 4 50
b 1950
r 8 8 4 4 10
b 1990
r 8 4 4 4 10
b 1990
r 12 8 4 4 75
b 1925
r 0 12 4 4 50
b 1950
r 12 0 4 4 10
b 1990
r 0 0 8 8 75
b 1925
r 12 4 4 4 50
b 1950
r 0 0 16 16 5
b 1995
r 12 0 4 4 50
b 1950
r 8 12 4 4 25
b 1975
r 4 8 4 4 50
b 1950
r 4 0 4 4 100
b 1900
r 8 0 4 4 5
b 1995
r 8 0 8 8 25
b 1975
r 12 12 4 4 50
b 1950
r 0 0 4 4 10
b 1990
r 4 0 4 4 10
b 1990
r 12 0 4 4 25
b 1975
r 0 12 4 4 100
b 1900
r 0 0 8 8 5
b 1995
r 0 8 8 8 5
b 1995
r 0 0 16 16 10
b 1990
r 12 4 4 4 25
b 1975
r 8 8 8 8 50
b 1950
r 12 12 4 4 10
b 1990
r 4 8 4 4 75
b 1925
r 0 8 4 4 25
b 1975
r 12 8 4 4 10
b 1990
r 4 12 4 4 75
b 1925
r 8 0 8 8 50
b 1950
r 8 8 4 4 75
b 1925
r 0 0 16 16 75
b 1925
r 12 4 4 4 100
b 1900
r 8 0 8 8 100
b 1900
r 4 4 4 4 25
b 1975
r 4 4 4 4 100
b 1900
r 0 8 4 4 10
b 1990
r 0 0 8 8 50
b 1950
r 8 0 4 4 75
b 1925
r 0 4 4 4 10
b 1990
r 8 8 4 4 5
b 1995
r 4 0 4 4 75
b 1925
r 8 8 4 4 50
b 1950
r 8 8 8 8 10
b 1990
r 0 8 4 4 50
b 1950
r 8 4 4 4 5
b 1995
r 0 4 4 4 100
b 1900
r 0 0 8 8 25
b 1975
r 4 4 4 4 5
b 1995
r 0 8 8 8 100
b 1900
r 4 4 4 4 75
b 1925
r 0 12 4 4 25
b 1975
r 8 4 4 4 25
b 1975
r 0 0 4 4 75
b 1925
r 8 8 8 8 25
b 1975
r 4 12 4 4 10
b 1990
r 12 12 4 4 100
b 1900
r 12 12 4 4 5
b 1995
r 0 12 4 4 10
b 1990
r 0 4 4 4 5
b 1995
r 0 8 8 8 75
b 1925
r 12 0 4 4 5
b 1995
r 12 0 4 4 100
b 1900
r 0 0 16 16 50
b 1950
r 4 8 4 4 25
b 1975
r 0 8 8 8 50
b 1950
r 8 0 8 8 75
b 1925
r 8 8 8 8 100
b 1900
r 8 0 8 8 5
b 1995
r 0 0 8 8 10
b 1990
r 12 8 4 4 5
b 1995
r 4 8 4 4 5
b 1995
r 0 8 4 4 75
b 1925
r 8 12 4 4 10
b 1990
r 8 4 4 4 100
b 1900
r 8 0 4 4 10
b 1990
r 4 12 4 4 100
b 1900
