r 0 0 16 16 4 5
b 76
r 0 0 16 16 6 9
b 74
r 0 0 16 16 4 11
b 76
r 0 0 16 16 10 15
b 70
r 0 0 16 16 6 1
b 74
r 0 0 16 16 8 9
b 72
r 0 0 16 16 6 5
b 74
r 0 0 16 16 6 7
b 74
r 0 0 16 16 4 15
b 76
r 0 0 16 16 6 3
b 74
r 0 0 16 16 10 11
b 70
r 0 0 16 16 10 3
b 70
r 0 0 16 16 10 1
b 70
r 0 0 16 16 6 13
b 74
r 0 0 16 16 4 9
b 76
r 0 0 16 16 10 9
b 70
r 0 0 16 16 8 7
b 72
r 0 0 16 16 4 13
b 76
r 0 0 16 16 8 11
b 72
r 0 0 16 16 8 3
b 72
r 0 0 16 16 8 5
b 72
r 0 0 16 16 6 15
b 74
r 0 0 16 16 4 1
b 76
r 0 0 16 16 10 5
b 70
r 0 0 16 16 4 7
b 76
r 0 0 16 16 4 3
b 76
r 0 0 16 16 6 11
b 74
r 0 0 16 16 10 7
b 70
r 0 0 16 16 8 1
b 72
r 0 0 16 16 8 13
b 72
r 0 0 16 16 8 15
b 72
r 0 0 16 16 10 13
b 70
r 0 0 16 16 10 5
b 70
r 0 0 16 16 8 7
b 72
r 0 0 16 16 4 11
b 76
r 0 0 16 16 6 3
b 74
r 0 0 16 16 4 1
b 76
r 0 0 16 16 8 5
b 72
r 0 0 16 16 4 3
b 76
r 0 0 16 16 4 5
b 76
r 0 0 16 16 8 1
b 72
r 0 0 16 16 8 13
b 72
r 0 0 16 16 8 11
b 72
r 0 0 16 16 8 15
b 72
r 0 0 16 16 10 13
b 70
r 0 0 16 16 8 3
b 72
r 0 0 16 16 10 15
b 70
r 0 0 16 16 10 1
b 70
r 0 0 16 16 6 15
b 74
r 0 0 16 16 10 9
b 70
r 0 0 16 16 4 9
b 76
r 0 0 16 16 4 7
b 76
r 0 0 16 16 10 3
b 70
r 0 0 16 16 4 15
b 76
r 0 0 16 16 6 1
b 74
r 0 0 16 16 6 13
b 74
r 0 0 16 16 10 7
b 70
r 0 0 16 16 10 11
b 70
r 0 0 16 16 6 11
b 74
r 0 0 16 16 6 5
b 74
r 0 0 16 16 4 13
b 76
r 0 0 16 16 6 7
b 74
r 0 0 16 16 8 9
b 72
r 0 0 16 16 6 9
b 74
r 0 0 16 16 4 1
b 76
r 0 0 16 16 8 5
b 72
r 0 0 16 16 6 15
b 74
r 0 0 16 16 10 7
b 70
r 0 0 16 16 4 11
b 76
r 0 0 16 16 8 11
b 72
r 0 0 16 16 4 3
b 76
r 0 0 16 16 8 1
b 72
r 0 0 16 16 10 15
b 70
r 0 0 16 16 8 13
b 72
r 0 0 16 16 6 5
b 74
r 0 0 16 16 4 7
b 76
r 0 0 16 16 8 9
b 72
r 0 0 16 16 8 3
b 72
r 0 0 16 16 6 7
b 74
r 0 0 16 16 6 9
b 74
r 0 0 16 16 10 3
b 70
r 0 0 16 16 8 7
b 72
r 0 0 16 16 4 15
b 76
r 0 0 16 16 10 13
b 70
r 0 0 16 16 4 5
b 76
r 0 0 16 16 10 1
b 70
r 0 0 16 16 6 1
b 74
r 0 0 16 16 10 11
b 70
r 0 0 16 16 10 9
b 70
r 0 0 16 16 6 11
b 74
r 0 0 16 16 6 13
b 74
r 0 0 16 16 4 9
b 76
r 0 0 16 16 8 15
b 72
r 0 0 16 16 10 5
b 70
r 0 0 16 16 4 13
b 76
r 0 0 16 16 6 3
b 74
r 0 0 16 16 6 3
b 74
r 0 0 16 16 8 11
b 72
r 0 0 16 16 4 15
b 76
r 0 0 16 16 8 7
b 72
r 0 0 16 16 4 11
b 76
r 0 0 16 16 10 5
b 70
r 0 0 16 16 10 3
b 70
r 0 0 16 16 6 9
b 74
r 0 0 16 16 6 15
b 74
r 0 0 16 16 10 13
b 70
r 0 0 16 16 4 5
b 76
r 0 0 16 16 6 7
b 74
r 0 0 16 16 4 7
b 76
r 0 0 16 16 4 13
b 76
r 0 0 16 16 8 5
b 72
r 0 0 16 16 8 9
b 72
r 0 0 16 16 4 3
b 76
r 0 0 16 16 6 11
b 74
r 0 0 16 16 8 3
b 72
r 0 0 16 16 6 1
b 74
r 0 0 16 16 6 13
b 74
r 0 0 16 16 8 13
b 72
r 0 0 16 16 10 11
b 70
r 0 0 16 16 4 1
b 76
r 0 0 16 16 10 1
b 70
r 0 0 16 16 8 15
b 72
r 0 0 16 16 10 7
b 70
r 0 0 16 16 10 15
b 70
r 0 0 16 16 4 9
b 76
r 0 0 16 16 6 5
b 74
r 0 0 16 16 10 9
b 70
r 0 0 16 16 8 1
b 72
r 0 0 16 16 4 7
b 76
r 0 0 16 16 4 9
b 76
r 0 0 16 16 10 7
b 70
r 0 0 16 16 6 15
b 74
r 0 0 16 16 10 9
b 70
r 0 0 16 16 10 11
b 70
r 0 0 16 16 8 9
b 72
r 0 0 16 16 8 11
b 72
r 0 0 16 16 6 7
b 74
r 0 0 16 16 4 3
b 76
r 0 0 16 16 8 3
b 72
r 0 0 16 16 4 1
b 76
r 0 0 16 16 6 13
b 74
r 0 0 16 16 8 15
b 72
r 0 0 16 16 4 15
b 76
r 0 0 16 16 8 13
b 72
r 0 0 16 16 6 11
b 74
r 0 0 16 16 4 13
b 76
r 0 0 16 16 8 5
b 72
r 0 0 16 16 4 11
b 76
r 0 0 16 16 6 9
b 74
r 0 0 16 16 6 3
b 74
r 0 0 16 16 6 1
b 74
r 0 0 16 16 10 5
b 70
r 0 0 16 16 8 7
b 72
r 0 0 16 16 4 5
b 76
r 0 0 16 16 8 1
b 72
r 0 0 16 16 6 5
b 74
r 0 0 16 16 10 13
b 70
r 0 0 16 16 10 3
b 70
r 0 0 16 16 10 1
b 70
r 0 0 16 16 10 15
b 70
r 0 0 16 16 6 15
b 74
r 0 0 16 16 8 15
b 72
r 0 0 16 16 4 7
b 76
r 0 0 16 16 4 9
b 76
r 0 0 16 16 4 3
b 76
r 0 0 16 16 10 15
b 70
r 0 0 16 16 10 3
b 70
r 0 0 16 16 8 13
b 72
r 0 0 16 16 10 9
b 70
r 0 0 16 16 6 7
b 74
r 0 0 16 16 4 13
b 76
r 0 0 16 16 8 1
b 72
r 0 0 16 16 8 11
b 72
r 0 0 16 16 8 3
b 72
r 0 0 16 16 10 5
b 70
r 0 0 16 16 10 13
b 70
r 0 0 16 16 10 7
b 70
r 0 0 16 16 6 3
b 74
r 0 0 16 16 8 7
b 72
r 0 0 16 16 4 11
b 76
r 0 0 16 16 10 11
b 70
r 0 0 16 16 4 15
b 76
r 0 0 16 16 4 1
b 76
r 0 0 16 16 8 5
b 72
r 0 0 16 16 4 5
b 76
r 0 0 16 16 6 9
b 74
r 0 0 16 16 6 5
b 74
r 0 0 16 16 6 1
b 74
r 0 0 16 16 10 1
b 70
r 0 0 16 16 8 9
b 72
r 0 0 16 16 6 13
b 74
r 0 0 16 16 6 11
b 74
r 0 0 16 16 10 7
b 70
r 0 0 16 16 4 11
b 76
r 0 0 16 16 4 3
b 76
r 0 0 16 16 4 15
b 76
r 0 0 16 16 8 5
b 72
r 0 0 16 16 6 1
b 74
r 0 0 16 16 8 9
b 72
r 0 0 16 16 4 7
b 76
r 0 0 16 16 8 11
b 72
r 0 0 16 16 10 5
b 70
r 0 0 16 16 6 5
b 74
r 0 0 16 16 4 5
b 76
r 0 0 16 16 10 3
b 70
r 0 0 16 16 4 13
b 76
r 0 0 16 16 10 11
b 70
r 0 0 16 16 6 11
b 74
r 0 0 16 16 8 1
b 72
r 0 0 16 16 10 13
b 70
r 0 0 16 16 8 15
b 72
r 0 0 16 16 4 9
b 76
r 0 0 16 16 6 7
b 74
r 0 0 16 16 10 15
b 70
r 0 0 16 16 8 3
b 72
r 0 0 16 16 10 9
b 70
r 0 0 16 16 6 13
b 74
r 0 0 16 16 6 15
b 74
r 0 0 16 16 10 1
b 70
r 0 0 16 16 4 1
b 76
r 0 0 16 16 6 3
b 74
r 0 0 16 16 8 13
b 72
r 0 0 16 16 8 7
b 72
r 0 0 16 16 6 9
b 74
r 0 0 16 16 4 15
b 76
r 0 0 16 16 4 1
b 76
r 0 0 16 16 10 11
b 70
r 0 0 16 16 4 13
b 76
r 0 0 16 16 8 1
b 72
r 0 0 16 16 6 9
b 74
r 0 0 16 16 4 9
b 76
r 0 0 16 16 6 13
b 74
r 0 0 16 16 4 11
b 76
r 0 0 16 16 6 15
b 74
r 0 0 16 16 8 3
b 72
r 0 0 16 16 8 5
b 72
r 0 0 16 16 10 7
b 70
r 0 0 16 16 8 7
b 72
r 0 0 16 16 10 9
b 70
r 0 0 16 16 8 13
b 72
r 0 0 16 16 8 15
b 72
r 0 0 16 16 4 3
b 76
r 0 0 16 16 8 11
b 72
r 0 0 16 16 8 9
b 72
r 0 0 16 16 6 1
b 74
r 0 0 16 16 6 7
b 74
r 0 0 16 16 10 5
b 70
r 0 0 16 16 6 11
b 74
r 0 0 16 16 6 3
b 74
r 0 0 16 16 4 7
b 76
r 0 0 16 16 10 3
b 70
r 0 0 16 16 10 15
b 70
r 0 0 16 16 6 5
b 74
r 0 0 16 16 4 5
b 76
r 0 0 16 16 10 1
b 70
r 0 0 16 16 10 13
b 70
r 0 0 16 16 6 1
b 74
r 0 0 16 16 6 13
b 74
r 0 0 16 16 8 1
b 72
r 0 0 16 16 4 5
b 76
r 0 0 16 16 4 11
b 76
r 0 0 16 16 4 13
b 76
r 0 0 16 16 8 11
b 72
r 0 0 16 16 10 5
b 70
r 0 0 16 16 4 3
b 76
r 0 0 16 16 10 3
b 70
r 0 0 16 16 8 7
b 72
r 0 0 16 16 10 11
b 70
r 0 0 16 16 6 15
b 74
r 0 0 16 16 4 15
b 76
r 0 0 16 16 6 9
b 74
r 0 0 16 16 6 5
b 74
r 0 0 16 16 10 9
b 70
r 0 0 16 16 10 7
b 70
r 0 0 16 16 8 13
b 72
r 0 0 16 16 4 1
b 76
r 0 0 16 16 10 13
b 70
r 0 0 16 16 10 1
b 70
r 0 0 16 16 6 11
b 74
r 0 0 16 16 4 7
b 76
r 0 0 16 16 6 3
b 74
r 0 0 16 16 8 9
b 72
r 0 0 16 16 10 15
b 70
r 0 0 16 16 8 3
b 72
r 0 0 16 16 8 15
b 72
r 0 0 16 16 8 5
b 72
r 0 0 16 16 6 7
b 74
r 0 0 16 16 4 9
b 76
r 0 0 16 16 4 7
b 76
r 0 0 16 16 10 15
b 70
r 0 0 16 16 8 7
b 72
r 0 0 16 16 6 15
b 74
r 0 0 16 16 4 5
b 76
r 0 0 16 16 10 7
b 70
r 0 0 16 16 8 13
b 72
r 0 0 16 16 8 11
b 72
r 0 0 16 16 8 5
b 72
r 0 0 16 16 6 5
b 74
r 0 0 16 16 4 9
b 76
r 0 0 16 16 4 11
b 76
r 0 0 16 16 4 1
b 76
r 0 0 16 16 4 3
b 76
r 0 0 16 16 6 3
b 74
r 0 0 16 16 8 3
b 72
r 0 0 16 16 10 3
b 70
r 0 0 16 16 10 11
b 70
r 0 0 16 16 4 13
b 76
r 0 0 16 16 8 15
b 72
r 0 0 16 16 10 13
b 70
r 0 0 16 16 8 1
b 72
r 0 0 16 16 10 5
b 70
r 0 0 16 16 6 11
b 74
r 0 0 16 16 6 13
b 74
r 0 0 16 16 6 9
b 74
r 0 0 16 16 6 7
b 74
r 0 0 16 16 8 9
b 72
r 0 0 16 16 10 1
b 70
r 0 0 16 16 6 1
b 74
r 0 0 16 16 10 9
b 70
r 0 0 16 16 4 15
b 76
