r 0 0 16 16 50
b 3950
r 0 0 16 16 5
b 3995
r 0 0 16 16 10
b 3990
r 0 0 16 16 100
b 3900
r 0 0 16 16 25
b 3975
r 0 0 16 16 75
b 3925
r 0 0 16 16 25
b 3975
r 0 0 16 16 50
b 3950
r 0 0 16 16 5
b 3995
r 0 0 16 16 100
b 3900
r 0 0 16 16 10
b 3990
r 0 0 16 16 75
b 3925
r 0 0 16 16 10
b 3990
r 0 0 16 16 100
b 3900
r 0 0 16 16 25
b 3975
r 0 0 16 16 5
b 3995
r 0 0 16 16 50
b 3950
r 0 0 16 16 75
b 3925
r 0 0 16 16 25
b 3975
r 0 0 16 16 5
b 3995
r 0 0 16 16 100
b 3900
r 0 0 16 16 50
b 3950
r 0 0 16 16 75
b 3925
r 0 0 16 16 10
b 3990
r 0 0 16 16 5
b 3995
r 0 0 16 16 75
b 3925
r 0 0 16 16 10
b 3990
r 0 0 16 16 25
b 3975
r 0 0 16 16 50
b 3950
r 0 0 16 16 100
b 3900
r 0 0 16 16 5
b 3995
r 0 0 16 16 25
b 3975
r 0 0 16 16 10
b 3990
r 0 0 16 16 75
b 3925
r 0 0 16 16 50
b 3950
r 0 0 16 16 100
b 3900
r 0 0 16 16 75
b 3925
r 0 0 16 16 50
b 3950
r 0 0 16 16 10
b 3990
r 0 0 16 16 25
b 3975
r 0 0 16 16 100
b 3900
r 0 0 16 16 5
b 3995
r 0 0 16 16 10
b 3990
r 0 0 16 16 5
b 3995
r 0 0 16 16 50
b 3950
r 0 0 16 16 75
b 3925
r 0 0 16 16 100
b 3900
r 0 0 16 16 25
b 3975
r 0 0 16 16 100
b 3900
r 0 0 16 16 25
b 3975
r 0 0 16 16 50
b 3950
r 0 0 16 16 10
b 3990
r 0 0 16 16 5
b 3995
r 0 0 16 16 75
b 3925
r 0 0 16 16 10
b 3990
r 0 0 16 16 100
b 3900
r 0 0 16 16 5
b 3995
r 0 0 16 16 75
b 3925
r 0 0 16 16 50
b 3950
r 0 0 16 16 25
b 3975
r 0 0 16 16 25
b 3975
r 0 0 16 16 5
b 3995
r 0 0 16 16 50
b 3950
r 0 0 16 16 100
b 3900
r 0 0 16 16 75
b 3925
r 0 0 16 16 10
b 3990
r 0 0 16 16 50
b 3950
r 0 0 16 16 100
b 3900
r 0 0 16 16 75
b 3925
r 0 0 16 16 25
b 3975
r 0 0 16 16 10
b 3990
r 0 0 16 16 5
b 3995
r 0 0 16 16 75
b 3925
r 0 0 16 16 50
b 3950
r 0 0 16 16 10
b 3990
r 0 0 16 16 25
b 3975
r 0 0 16 16 100
b 3900
r 0 0 16 16 5
b 3995
r 0 0 16 16 5
b 3995
r 0 0 16 16 10
b 3990
r 0 0 16 16 25
b 3975
r 0 0 16 16 50
b 3950
r 0 0 16 16 100
b 3900
r 0 0 16 16 75
b 3925
r 0 0 16 16 5
b 3995
r 0 0 16 16 10
b 3990
r 0 0 16 16 50
b 3950
r 0 0 16 16 25
b 3975
r 0 0 16 16 100
b 3900
r 0 0 16 16 75
b 3925
r 0 0 16 16 25
b 3975
r 0 0 16 16 100
b 3900
r 0 0 16 16 75
b 3925
r 0 0 16 16 5
b 3995
r 0 0 16 16 10
b 3990
r 0 0 16 16 50
b 3950
r 0 0 16 16 10
b 3990
r 0 0 16 16 50
b 3950
r 0 0 16 16 5
b 3995
r 0 0 16 16 25
b 3975
r 0 0 16 16 100
b 3900
r 0 0 16 16 75
b 3925
r 0 0 16 16 5
b 3995
r 0 0 16 16 25
b 3975
r 0 0 16 16 50
b 3950
r 0 0 16 16 75
b 3925
r 0 0 16 16 10
b 3990
r 0 0 16 16 100
b 3900
r 0 0 16 16 25
b 3975
r 0 0 16 16 5
b 3995
r 0 0 16 16 100
b 3900
r 0 0 16 16 75
b 3925
r 0 0 16 16 50
b 3950
r 0 0 16 16 10
b 3990
r 0 0 16 16 50
b 3950
r 0 0 16 16 100
b 3900
r 0 0 16 16 25
b 3975
r 0 0 16 16 10
b 3990
r 0 0 16 16 5
b 3995
r 0 0 16 16 75
b 3925
